meanx	meany	tvalue	fd	pvalue	adjp
ABCC3	0.929712170018349	3.16843133072222	-4.37659645567281	3.4079701577529	2.23160589162958e-05	0.000334302191987963
ABCC8	10.6517398275138	4.39752361170833	5.83662001541649	0.412845571044591	3.89348643023832e-08	3.046479315303e-06
ACE	0.58960530593578	1.39179067620833	-5.3143384631657	2.36054638958749	4.23223632532122e-07	1.71698796019282e-05
ACMSD	0.0640823418073394	0.130611262972222	-2.4629690476372	2.03817868212274	0.0149110200737386	0.0476039068911505
ACOT12	0.04295952	0.117758292819444	-3.11230612756172	2.74114545086734	0.0022362249141591	0.0112530330377452
ACTA2	1.01671613105505	2.28821947588889	-3.93474158685797	2.25059818173083	0.00013350848730968	0.00130072443417274
ACTG2	0.269638572550459	1.55160103272222	-3.72962421249417	5.75437341195635	0.000276115614610093	0.00224091746221372
ACTN1	0.593330086678899	1.56845415280556	-5.55386735140577	2.64347652010167	1.48503453222652e-07	8.15931042204832e-06
ADAM12	0.376545512614679	1.38376300775	-6.23005221540321	3.67488912068383	7.01552214609777e-09	9.38634020264547e-07
ADAM19	1.31988188021101	2.96415068280556	-5.40309557257203	2.24576966109397	4.03373815328407e-07	1.67137892701205e-05
ADAM6	0.121001597522936	0.0494688407083333	3.29752814955277	0.408827996663073	0.00121136620319235	0.00701407844180786
ADAMTS1	3.46096695140367	7.27141827744444	-4.68978930797506	2.10097882457253	6.75619372291864e-06	0.00013753287733054
ADAMTS2	0.362110664550459	1.01934371040278	-2.83718931975819	2.81500604702775	0.00551441329721568	0.0226411752070824
ADAMTS3	0.367583587146789	1.41710154202778	-4.05720402001983	3.85518176430951	8.47154604395085e-05	0.000930914028290449
ADAMTS7	0.484718244192661	1.14885760672222	-5.46590849034441	2.3701554882378	2.30551542140153e-07	1.10908128591831e-05
ADCYAP1R1	0.605624423477064	0.287516354097222	4.83182417524803	0.474743657870513	3.17163356845704e-06	7.82946782455585e-05
AEBP1	23.5752893899725	55.2666194629722	-3.17266496752926	2.34426049024363	0.00189118657506337	0.00986735556620527
AGXT2L1	0.204366964678899	0.0910923421111111	5.45588095318096	0.445729290221809	2.54430788112155e-07	1.19235519338014e-05
AIM1	0.417833981366972	1.07016593136111	-4.730270898327	2.56122282792795	5.79632982900154e-06	0.000122844344513797
AKNAD1	0.073472138146789	0.184688093	-4.48518495987529	2.51371605153254	1.44447502768937e-05	0.000241808154826281
AKR1B10	0.0958235686422018	0.204832526666667	-2.65371786222492	2.13760069228371	0.00881722493939606	0.0320821053586869
ALDOC	544.942866341101	261.370115087778	7.38751782200874	0.479628473426379	3.1136350108318e-11	3.23489835513268e-08
ALOX5AP	0.015702728853211	0.0452608776388889	-3.85982947185409	2.88235745913893	0.000173642074755698	0.00158042221523698
ALPK2	0.25325726959633	0.782913940222222	-4.46591011130192	3.09137795519204	1.55249086882036e-05	0.000254780032376539
ANGPT2	0.0507792868807339	0.13677890375	-5.451838546925	2.69359638844977	1.93202609314221e-07	9.75868049985693e-06
ANKRD1	0.104988862844037	0.635735904805556	-4.79490879160167	6.05526993610699	3.71867686569275e-06	8.85167710279767e-05
ANKRD20A12P	0.871135395091743	2.43492763051389	-4.17426453378454	2.79511961542724	5.40247179928147e-05	0.000659854517254399
ANKRD53	0.0331291071926606	0.0810302033611111	-3.33009146621326	2.44589155058977	0.00109536447808853	0.0064947405979221
ANKUB1	0.141713180348624	0.291632531694444	-2.76114942917783	2.05790690024039	0.00647535156307363	0.0254640984621924
ANO1	0.161367690577982	0.331434817013889	-2.72445517771291	2.05391064237684	0.00732552266749112	0.02802148314996
ANPEP	0.844907688009174	1.79783246809722	-3.49538755952285	2.12784484460473	0.000672520686325674	0.00447504558436982
ANXA1	32.2386407860275	114.203322535514	-6.58464712029765	3.54243602556006	8.87091759581838e-10	2.35619158202958e-07
ANXA2	0.158903457954128	0.521511221402778	-5.63334828435648	3.28193752431319	7.23974769994631e-08	4.80647946730905e-06
APCDD1L	0.048997833733945	0.390617479569444	-5.01807183635419	7.97213774164939	1.53239454009823e-06	4.49887422182609e-05
APOL4	0.0843031925779816	0.296237713194444	-6.08840251755464	3.51395604526389	8.18806484351558e-09	1.0253563246388e-06
AQP1	11.8850125174679	26.4830413725833	-3.4151149250897	2.22827206396797	0.000796802301428739	0.00512497392188679
AQP5	0.308017118330275	1.21214256658333	-2.55914008267188	3.9353090930602	0.0116087669323018	0.0393106273486753
ARAP3	1.71379526788991	4.37657576320833	-5.51122910263637	2.55373313557864	2.75106616751512e-07	1.26224965230465e-05
AREG	0.13434534887156	0.596588071861111	-3.54432743870627	4.44070506997214	0.000535003001222105	0.0037299115363643
ARHGAP11A	0.006051774	0.0144118309305556	-3.99873571892848	2.38142252677571	0.000101302497853845	0.00106065046588073
ARHGAP11B	0.0803216854587156	0.208294085791667	-6.28107145088101	2.59324844345712	2.49928500190637e-09	5.03505381935781e-07
ARHGEF19	0.400655112678899	0.819267143291667	-6.44881608767616	2.04481889127485	1.95612770105902e-09	4.33987977423562e-07
ARL4C	0.818990320110092	1.95810988119444	-6.14733913977923	2.39088281401327	8.5198208355549e-09	1.04424405443896e-06
ARL9	0.266956958944954	0.603949851388889	-2.50620300508316	2.26234915836534	0.0132380475932071	0.0435888146094574
ARNTL	0.152386335275229	0.677225246152778	-2.95838776346499	4.44413368777208	0.00370465332776769	0.0166619088724106
ARNTL2	0.00349501511926605	0.00805009372222222	-3.9254021830286	2.30330726692614	0.000135913016876209	0.0013190185198169
ARSJ	0.743727308293578	1.70188423844444	-3.46308736323896	2.28831753179708	0.000750574675995867	0.00486873513922264
ASB5	0.36476857587156	0.773414908027778	-4.41782073416151	2.1202892989886	1.86424456615615e-05	0.000290958277034897
ASF1B	1.55859904376147	4.45628618604167	-6.38864756467751	2.85916137564606	2.86463695947177e-09	5.34132893496401e-07
ASPM	0.236871364247706	0.856212052208333	-6.80243003958955	3.61467100477775	2.67403156157761e-10	1.11964718248399e-07
ATP2A3	0.0157735392752294	0.0330019655555556	-3.72752836182302	2.09223592623766	0.000270230475699743	0.00220392405556833
ATP2B3	0.0682016577247706	0.032982935375	2.96706682724783	0.483608998304754	0.00348625699850167	0.0158217572275346
ATP6V0D2	0.0786993020183486	0.260012875083333	-2.98793859003285	3.30387777801017	0.0032986525056957	0.0151760796177102
AURKA	0.0473669224495413	0.109903746069444	-5.66569803583495	2.32026360138812	5.94049295379318e-08	4.16476080004533e-06
AVIL	1.24967869623853	4.01025157088889	-5.00513189646576	3.20902611444009	2.17173717222275e-06	5.94750584649189e-05
BACE2	0.120130339587156	0.265347121625	-5.04029182010086	2.20882686702544	1.48354630658908e-06	4.37746062551968e-05
BARX1	0.0936683900458716	1.05047340984722	-4.57889524115514	11.2148122683947	9.99485403671803e-06	0.000182811205367308
BCAT1	0.025977319587156	0.0690992005138889	-3.07891854205425	2.6599819231563	0.00250795790790796	0.0123195215046654
BCL2A1	0.226475413366972	0.469493943569444	-5.01051468091309	2.07304597258288	1.29950696070208e-06	3.95857712055244e-05
BCL3	2.12608477134862	4.40769399823611	-4.46997861686664	2.07315063709346	1.74185763037108e-05	0.000277037556148039
BCYRN1	828.504792266046	394.912780576889	2.82193561656376	0.476657207373251	0.00540033469904043	0.0222983303795809
BDKRB2	0.275481650073394	0.866559615291667	-6.02115382740301	3.14561646868601	1.06649242850131e-08	1.24616085295616e-06
BGN	21.4078547385505	55.807648824125	-5.75340728403966	2.60687721893164	6.35036502108289e-08	4.36481755782431e-06
BIRC5	0.103396159770642	0.366668096444444	-5.69513272679284	3.54624482435134	6.09387198209607e-08	4.23838469167451e-06
BMP5	0.0774496081009174	0.169198988694444	-2.47761821866119	2.18463324532226	0.0143661233032677	0.0463454892575691
BRCA2	0.26967924293578	0.580936098041667	-6.15402442824199	2.15417431359375	7.52431365191002e-09	9.84168995350947e-07
BRIP1	0.399782213165138	0.933752787041667	-6.46286710998066	2.33565365414584	2.9970275179019e-09	5.47176055273611e-07
BST1	1.15514475375229	2.39037347427778	-6.27328186643446	2.06932807902477	4.6764040736007e-09	7.12724645199995e-07
BUB1B	1.06478073931193	3.32325332377778	-6.03317384901168	3.12106821722311	1.62670538046867e-08	1.6207916825663e-06
C10orf10	11.9900291940183	24.4586290076389	-4.72782240035069	2.03991404957053	5.81430227752301e-06	0.00012307642031177
C11orf63	0.381729746192661	0.791837750513889	-3.76603410706829	2.07434122808508	0.000235636889444477	0.00199710239907802
C11orf82	0.645090403917431	1.581629462875	-6.61808375942262	2.45179505580964	8.87251922256815e-10	2.35619158202958e-07
C11orf87	2.79510825519266	1.37680874406944	2.63528348147887	0.492577967780552	0.00932646674800902	0.033463435741909
C11orf92	1.11834096182569	0.475862967652778	3.50980799603681	0.42550794784082	0.00058277585352661	0.00398063615929887
C12orf50	0.0441000714954128	0.164903916944444	-2.74021780196042	3.73931178233117	0.00691536787427209	0.0267031620912904
C15orf48	0.0340650366055046	0.0730364756666667	-4.2838295873512	2.1440304471848	3.43671151780877e-05	0.000468028304371673
C19orf59	0.0724494852385321	0.206631157333333	-2.7414457400364	2.85207212519209	0.00685759952233215	0.0265502864651901
C1orf158	0.621999308321101	1.48594202947222	-3.07009111293856	2.38897698050995	0.00253091719580781	0.012384444860954
C1QL3	3.21279264980734	1.36600689226389	2.58834859352347	0.425177420754434	0.010531137367387	0.0365648265923518
C1R	28.1173672837615	61.1017393970694	-4.57078089963031	2.17309603635463	1.06560923043702e-05	0.00019214951627438
C1RL	2.94301461494495	6.00228978011111	-4.4378640371268	2.03950389836014	1.89382834526996e-05	0.000294265331627186
C2	0.010703068853211	0.0261166713888889	-3.02709936541992	2.44011056520987	0.00294461511600633	0.0139411856127074
C2CD4A	0.050944322440367	0.193397919291667	-3.46226100604768	3.79626050612508	0.000690534161032562	0.00456525461097529
C2orf48	0.118202304669725	0.322685183180556	-4.5014549708222	2.72993986100514	1.24465562696914e-05	0.000215564023457393
C2orf66	0.206903326110092	0.431654301902778	-4.95908467849992	2.08626081570626	1.95993634777942e-06	5.47875667743698e-05
C3orf36	0.0333314242477064	0.06687684675	-2.49062669983207	2.00642031534557	0.0138478847666402	0.0451389020466622
C6orf123	0.0720842007798165	0.190909097083333	-4.61922434572487	2.64841803083135	7.38432603364526e-06	0.000146639372289329
C6orf141	0.254537970119266	0.721690821597222	-2.87717144732031	2.83529730852755	0.00455817002398456	0.0196485602583319
C7orf29	0.295673363825688	0.594354665833333	-3.33693720351598	2.01017317942691	0.00106882685572329	0.00637347632164824
C7orf57	0.129689548082569	0.359860336083333	-4.28300354707727	2.77478286726871	3.31503299627143e-05	0.000454636802235128
C8orf4	9.45835930614679	19.00913755375	-5.09534155491124	2.00977113878475	1.11834808135835e-06	3.58997927142266e-05
CA3	0.790539914779817	12.0079261044028	-5.75871412877462	15.1895253862637	6.420584126535e-08	4.37873844302642e-06
CABP1	1.90598370386239	0.921190609666667	4.49285472963104	0.483315050280817	1.58105481299813e-05	0.000257778118208541
CACNB2	0.136633517541284	0.0547281129861111	2.98185029205577	0.400546761665378	0.00333281805340181	0.0152957062115668
CALCB	0.0931743333577982	0.230849447791667	-2.77840509083011	2.47760772170146	0.00613632142609369	0.0245159119295975
CALN1	0.0871268345504587	0.03889771275	4.84820845876294	0.446449282252677	3.17130999383877e-06	7.82946782455585e-05
CAMK2A	1.29270171190826	0.580398110958333	2.56630360649796	0.448980693389477	0.0111734293802294	0.0382493548334531
CAPN6	0.031887904	0.0751510839305556	-3.0219156168089	2.35672698746696	0.00296427296226932	0.0140228912846679
CARD16	0.827429219614679	1.90607989063889	-5.51134259859904	2.30361684776677	1.60426138559603e-07	8.5725272272383e-06
CASC5	0.00261965533944954	0.00766979555555556	-3.70689524563521	2.92778803381333	0.000311822057467044	0.00247187028549293
CASP4	0.149060296495413	0.349022723291667	-4.5860723537181	2.34148684456969	8.64049162717214e-06	0.000163898156655245
CASP8	0.0376175302477064	0.0798266428333333	-4.99260089395485	2.12205964367372	1.42454659806914e-06	4.23905402790456e-05
CATSPERB	0.0331330224587156	0.0717987820277778	-3.4880634744999	2.16698558416276	0.000635359673544753	0.00427976517994577
CATSPERD	0.0311465077522936	0.101403762333333	-3.50061009621552	3.25570247360609	0.000619862638563277	0.00419310400080994
CAV1	0.400471954119266	0.819217613041667	-3.98168072709307	2.04563042334219	0.000111494894813159	0.00113746858055311
CAV2	0.0148080238440367	0.0325307875138889	-3.90222688332677	2.19683516561795	0.000143238998963623	0.00137489043528775
CBX2	1.53493690322018	3.13052248366667	-3.83236837848761	2.03951216307267	0.000198598289138413	0.00175390283412008
CCDC109B	3.59892687457798	9.70059510363889	-6.34479264936139	2.69541322780458	3.72526149459382e-09	6.38465087597649e-07
CCDC150	0.254857033880734	0.587314460847222	-6.19885538739409	2.30448597750717	7.84085536903723e-09	1.00667909041696e-06
CCDC164	0.789028002559633	1.64710189708333	-2.69307410570535	2.08750753045529	0.00789495118941337	0.0295424492510502
CCDC8	0.727512446045872	1.5638432345	-4.30788575544788	2.14957591859727	3.14578069984385e-05	0.000437935649929811
CCL2	32.1045147190092	67.5547864922917	-2.66011700598552	2.10421453442161	0.00864642508398718	0.031618170758824
CCL26	0.160010155651376	0.345837541638889	-3.55947953328493	2.16134744842312	0.000486027486602203	0.00346707519644966
CCNA2	1.72222405330275	4.46305298594444	-6.80192463226067	2.59144736562327	3.37440056160869e-10	1.23214830506907e-07
CCNB1	3.4222315650367	8.43353051647222	-7.83404606209347	2.46433660499002	1.59302226346951e-12	7.97118956656478e-09
CCNB2	1.93236062347706	6.514108253625	-5.97701701421652	3.37106240651064	2.22962892760794e-08	2.01436629970023e-06
CCR7	0.194848040559633	0.423957012041667	-4.50805425061738	2.17583410551114	1.17973223142232e-05	0.000206771668201391
CD101	0.0133790033577982	0.0340820137777778	-3.86339198506102	2.54742545960365	0.000165062958164949	0.00152346417470092
CD163	0.448048081926606	0.915625677277778	-3.42989968020334	2.04358798578177	0.000762887634910371	0.00492854094252638
CD1A	0.0466513249816514	0.127025264763889	-3.15053706231763	2.72286510219913	0.00199687855482926	0.0102939089501448
CD248	1.88547699059633	7.94305078220833	-5.95553240218455	4.21275402554562	2.69804852425124e-08	2.28447809104114e-06
CD276	1.28466765476147	2.57222039741667	-5.66155731781563	2.00224578542399	8.22383267335864e-08	5.24142237330753e-06
CD28	0.0155622149908257	0.0320087183472222	-3.78040671593759	2.0568227830095	0.000221856570737954	0.00190182303361093
CD300LG	0.670504229504587	0.176158669666667	5.57306446738919	0.262725665126414	9.18565431537816e-08	5.7091121697033e-06
CD44	0.0228834946513761	0.0797747145972222	-4.46346725834348	3.48612464191193	1.63568156051178e-05	0.000263983339881123
CD58	0.303808359146789	0.623534377847222	-4.6175543320178	2.05239375110793	8.96470432901292e-06	0.000168407687861318
CD70	0.0871033355229358	0.535780664305555	-3.75289757447532	6.15109239030778	0.000255387291678452	0.00212543830068767
CD93	3.48214993520183	9.08156424056944	-6.0528357437071	2.60803366011379	1.19667025269499e-08	1.34448971275545e-06
CDC20	2.37765239991743	7.13971229151389	-6.78082575142517	3.00284107624892	5.1146613840559e-10	1.6299030923336e-07
CDC25C	0.0557747156513761	0.192395780638889	-6.74202609659745	3.4495161184052	2.30326571801891e-10	1.11964718248399e-07
CDC45	0.0128736240825688	0.0407757921527778	-3.513343400121	3.16739030837394	0.000605828915496255	0.00411883762680483
CDC6	0.986713617706422	2.51708007693056	-7.33284746017945	2.55097328319175	2.75036121255706e-11	3.21370539816583e-08
CDCA2	0.378842527082569	1.13742605244444	-6.14484617698269	3.00237162180196	7.76782375030846e-09	1.00667909041696e-06
CDCA3	1.50197963644954	3.732728600875	-6.22341209234654	2.48520586450734	5.5597385262072e-09	8.12046142906947e-07
CDCA5	2.516691389	6.31055379259722	-5.97746683133803	2.50748018616009	2.28808744474416e-08	2.03273341764693e-06
CDCA7	0.140478202045872	0.489261892166667	-6.63153079016535	3.48283139334958	4.51497953587347e-10	1.47081116532181e-07
CDCA8	0.0566826863577982	0.149927606527778	-5.22807243648888	2.64503353954309	5.08032244927354e-07	1.99200920734714e-05
CDH19	0.0147525557431193	0.0353499442361111	-2.48671012529003	2.39619119911468	0.0140549966720872	0.0456357715302038
CDK1	0.605349438165138	1.77984586465278	-6.40854027822634	2.94019578187374	2.16592280058412e-09	4.5640086561591e-07
CDK2	0.339442946972477	0.747338577819444	-6.71134337562018	2.20166182412988	3.67497491735566e-10	1.31451602809169e-07
CDK4	43.7355724137156	114.107831706111	-3.88133499151808	2.60903940222185	0.000179591073694723	0.00161918351267871
CDKN2C	2.99735246101835	8.83857450672222	-7.18789869216353	2.94879385113065	5.78454101187735e-11	4.82788811024639e-08
CDKN3	0.353762476009174	1.01207988644444	-7.38495469065997	2.86090231463158	5.59810924558282e-12	1.1315525012391e-08
CDSN	0.108635020605505	0.236455753263889	-4.74784383289446	2.17660706414877	4.20288002131871e-06	9.64247172871195e-05
CDT1	1.67120502068807	3.40352488297222	-4.77517567441561	2.0365693262284	5.04849394772289e-06	0.000111022526250614
CELSR1	0.330439808220183	1.15656281243056	-5.10000847058224	3.50007106788991	1.15367322848049e-06	3.66540535101051e-05
CENPA	0.123526840229358	0.42312942	-5.68278692968677	3.42540470730375	5.83083581453263e-08	4.13753276604508e-06
CENPE	0.00554877206422018	0.0140306938611111	-4.29656670677967	2.52861240265831	3.21322331937713e-05	0.000444633132709682
CENPF	1.90449214841284	5.57341243413889	-6.3076058133205	2.92645597871518	4.2730639352896e-09	6.87100840310283e-07
CENPI	0.455773690275229	0.922403602722222	-5.88991864857481	2.02381932613356	2.62278497601995e-08	2.24241718413179e-06
CENPK	0.0735832096513761	0.249136437083333	-6.76146387380192	3.38577833535254	2.08921825398034e-10	1.11186485905737e-07
CENPM	0.430161502266055	1.00685872354167	-5.09332891926261	2.34065279723457	9.22934897034187e-07	3.12283396531239e-05
CEP55	0.0292763677522936	0.101425096402778	-6.26885627671098	3.46440163824052	3.24785277131652e-09	5.80868525743517e-07
CER1	0.0956954926513761	0.319364355666667	-3.04719307041247	3.33729778507049	0.00274124338647162	0.0131605216825402
CFB	1.96536266521101	4.56593033886111	-3.81484185009607	2.32319989571538	0.00021409918464169	0.00185035325898171
CFH	1.5123082667156	3.45524255843056	-5.12426573473423	2.28474751773631	1.15439251084487e-06	3.66540535101051e-05
CFI	7.3873208459633	17.8473417733889	-5.77652293826146	2.41594241613877	4.19975306463532e-08	3.18653991185555e-06
CHAF1B	1.1839218033578	2.74715266093056	-6.33458256698413	2.32038353642882	3.63579814748455e-09	6.38465087597649e-07
CHEK1	0.0747621038440367	0.162258453722222	-7.54791052094949	2.17033022586836	2.47660145549218e-12	8.6814787420823e-09
CHEK2	0.0158440756605505	0.0356518978055556	-4.35459501292892	2.25017215073795	2.38683717715297e-05	0.000353030339273925
CHI3L1	123.446219648018	573.224899625319	-5.14159230084914	4.64351926903678	9.37631532923932e-07	3.14825055125627e-05
CHI3L2	1.51145110212844	4.83630828620833	-5.08014000577168	3.19977819950496	1.08495711663136e-06	3.48918227214639e-05
CHIC2	5.33371016380734	13.1765568825	-4.61039891029741	2.47042986548302	1.30167148438811e-05	0.000223451479988937
CHRNA1	0.0131336082018349	0.0576367719722222	-4.24424161233548	4.38849485126029	4.17622270461481e-05	0.000543808732123209
CHRNA9	0.40092226606422	0.961094984680556	-4.91912708116558	2.39721029743608	2.07893460111448e-06	5.73186518638706e-05
CISH	0.0179541658165138	0.0486023779583333	-3.86842082864879	2.70702512470004	0.00016311070180625	0.00151199544363891
CKAP2L	0.781261941183486	2.60021289373611	-6.28146379964105	3.32822163306356	4.56177217379464e-09	7.12724645199995e-07
CKS2	9.42704538738532	21.9035269361389	-6.55008441816638	2.32347740315845	1.24408682869106e-09	3.05040937040659e-07
CLCF1	0.0198119091834862	0.0730366506527778	-4.3128494938871	3.68650239491587	3.06374751311123e-05	0.000429243026876903
CLEC18B	0.062882229293578	0.207684185861111	-4.61011194635817	3.30274845841576	8.63049074777823e-06	0.000163885819432621
CLEC18C	0.00714552487155963	0.0279497356666667	-4.11066293394453	3.91150211762767	7.11100939574463e-05	0.000814605631890302
CLEC5A	0.562409920642202	1.62488374370833	-4.57090224942218	2.88914488182022	9.38713993012128e-06	0.000174104128629879
CLIC1	23.5587528200734	57.1285917359722	-6.32504844275599	2.42494125950909	3.77754823259387e-09	6.38465087597649e-07
CLIC6	0.140775196082569	0.556923827513889	-5.13458674841596	3.95612183830479	7.52636953166088e-07	2.68665333567047e-05
CLSPN	0.0132468985412844	0.0441444472222222	-6.05485775761706	3.33243642537493	1.11081174008996e-08	1.28086824793137e-06
CMYA5	0.496741734706422	1.24620465143056	-3.08619519092488	2.50875769914334	0.0025458841901498	0.0124433107085208
CNN1	1.17839855259633	2.74728581026389	-3.46247960544525	2.33137235633129	0.000695407313190702	0.00459073596169244
CNPY1	0.255353582229358	0.768181101458333	-3.31322307791109	3.0083036029953	0.00117606469617742	0.00685268814158961
CNTN3	3.11857220997248	1.50327071913889	4.22788270139397	0.482038130889442	4.31031959346841e-05	0.000557768828442962
COL14A1	1.23544573038532	2.95578770304167	-5.40034005346629	2.39248688173441	2.83600566488675e-07	1.28861815012225e-05
COL15A1	0.771092476385321	2.11329771158333	-4.815754042338	2.74065404125056	3.86712107519495e-06	9.07349813720775e-05
COL1A1	5.68086433178899	42.8511143793889	-6.02764261274348	7.54306244203062	1.64511742873651e-08	1.62903803239915e-06
COL1A2	8.73598665789908	51.1016783184861	-6.16209387535155	5.84956002334092	1.13134903430083e-08	1.29115615821602e-06
COL22A1	1.65195488189908	3.87275371848611	-3.32015419598205	2.34434593881523	0.00115413245058406	0.006771211432902
COL26A1	0.0410202473302752	0.0197657417777778	3.11517565125242	0.481853305725672	0.00219633889827284	0.0111048712632434
COL3A1	7.01333976933028	42.260717372375	-6.64179763458873	6.02576215645269	6.83678308258076e-10	2.06600512221367e-07
COL4A1	13.4708960030459	58.4850987053889	-6.66173582003498	4.34158935620652	7.63682903984762e-10	2.19994568262814e-07
COL4A2	13.2771850882294	52.0380417959583	-6.52701973625978	3.9193580152838	1.55796872079433e-09	3.59296286438977e-07
COL5A1	0.0412350111100917	0.169787439916667	-5.12207039349112	4.11755533333938	9.83660215221933e-07	3.27146348998004e-05
COL5A2	3.39229566877064	13.819293286	-6.91660991813435	4.07372901283928	2.83587345316795e-10	1.11964718248399e-07
COL6A2	2.0058180716789	8.29664850304167	-6.65682010596989	4.13629163092406	8.38163313884014e-10	2.29538881288205e-07
COL6A3	0.0064593882293578	0.0145747765694444	-2.96186131264258	2.25637104504763	0.00360825193650474	0.0162868482336128
COL8A1	0.00858194912844037	0.0605189799166667	-3.9276851990668	7.05189217634817	0.000148170222656164	0.00140605278424179
COLEC11	0.0129134831009174	0.0334738411527778	-2.54423274391818	2.59216207518788	0.0120808463604952	0.0405090863134493
COMP	0.0428070970275229	0.114137567541667	-3.30498942011543	2.66632347127584	0.00119563364446552	0.00694362852436949
CPA3	0.22340739346789	0.466610282444444	-2.76887305533244	2.08860716380682	0.00633604122795527	0.0250851128534836
CPA4	0.0108178780825688	0.0436173177083333	-4.08505882837738	4.03196610050684	7.83721042891201e-05	0.000877157006306135
CREG2	6.65522723127523	3.01944334390278	2.58907117311691	0.453695003787904	0.0104901091103026	0.0364657164570157
CRIP1	5.12709668823853	12.3534692086944	-4.67525029007476	2.40944728759126	7.63628685248352e-06	0.000150214589970234
CRNDE	0.132498239266055	0.444197644263889	-3.90048212940531	3.35247960066809	0.000147772118627535	0.00140479567140329
CRTAM	0.102353586697248	0.247391559763889	-4.46390970238609	2.4170287309584	1.42243034163446e-05	0.000240313572132957
CRYZ	0.0860899386330275	0.176292537541667	-5.41868221648366	2.04777167159036	2.11380625461057e-07	1.04069332091459e-05
CSDC2	22.5910663891284	10.8781637742778	5.64927158644769	0.481525023516053	9.42935613193152e-08	5.81930721564661e-06
CST1	0.12889084353211	0.447636892444444	-3.73462168743059	3.47299218608129	0.000269340879829229	0.00219773631320619
CSTA	0.887017192715596	1.78541733372222	-4.85555810125486	2.01283283839875	2.62829782573085e-06	6.87554865546039e-05
CTHRC1	0.194538096110092	0.863140117305556	-6.19427492133917	4.43686935651459	4.52558841719526e-09	7.12724645199995e-07
CXCL10	2.86364745343119	7.55675067486111	-4.98797710950247	2.63885509572999	1.45666231772504e-06	4.31265548019711e-05
CXCL6	0.12235833540367	0.440874849944444	-4.6951408978972	3.60314520861994	5.37472260876977e-06	0.000115883973976083
CXCL9	0.812594609486239	1.85096609275	-4.14855361342072	2.27784687609517	5.2827964945807e-05	0.000648400379275322
CYP27B1	0.242260105	1.21337460241667	-5.46241562833889	5.00856136596105	2.70734368621515e-07	1.24918002710355e-05
CYR61	19.3054876299817	41.1824612155833	-2.69671491338559	2.13319974117755	0.00793393310319659	0.0296309493926543
DAO	1.74206120692661	0.779493983833333	2.44721938303077	0.447454992243665	0.0155831429809139	0.0492809894844804
DCAF4	0.00867326991743119	0.0190959064583333	-3.24786672380577	2.20169631985684	0.0014488640729417	0.00807968334025952
DCTN2	3.49987170411927	7.922912074125	-3.01220216586224	2.26377214479031	0.00322852472877882	0.0149186271872677
DDIT4L	0.907256131770642	3.61940487651389	-2.71230294115691	3.98939698478542	0.00755970202300243	0.0286484102393867
DDN	18.6766165436697	8.99819647809722	2.84331634159632	0.481789432098561	0.00503755265613229	0.0212090284419963
DEPDC1	0.0344967204036697	0.130542243305556	-5.61278343529218	3.78419286755354	9.57810448917308e-08	5.89036622392058e-06
DEPDC1B	0.0922437889633028	0.272278949819444	-4.97239234097435	2.95173206651089	1.65809085313341e-06	4.76415711194577e-05
DES	0.647002141724771	2.01683035038889	-3.06027498448141	3.11719269585792	0.00263538432215866	0.0127557926242298
DGCR6	22.9693131143853	9.94926134122222	6.74301622839736	0.433154500166187	3.16549596472401e-10	1.18046059093016e-07
DHH	0.106954829422018	0.229900064916667	-3.73650250370291	2.14950616217184	0.000256666119955486	0.00213001282408135
DIRAS3	2.43044130788073	5.64337522384722	-3.83912802777779	2.3219549493125	0.000192547649462579	0.00171145755116605
DLGAP1-AS3	0.0946442893761468	0.0458130712916667	2.59271897007683	0.484055314838815	0.0104252114627109	0.0363265768005833
DLGAP5	0.0358411397155963	0.136470329902778	-6.63552447703314	3.8076448178179	4.38241683301727e-10	1.47081116532181e-07
DLK1	0.146059924100917	8.02206599311111	-2.87932386135145	54.9231148961054	0.00462852142287055	0.0198736146444518
DLX1	0.158958150110092	0.966377760694444	-3.68628207895101	6.07944770384625	0.000308075551673576	0.00244770634369119
DLX2	0.274892242110092	2.82701154073611	-2.65700103091357	10.2840717476629	0.00877326378832398	0.0319619610097598
DLX5	0.778385334587156	6.31864054431944	-3.57405785349271	8.11762537595953	0.000473458994489266	0.00339677273696823
DMRTA2	0.36789020266055	1.95419425666667	-3.74716522979632	5.31189534957469	0.000276295009747466	0.00224091746221372
DNAJC22	0.599925682201835	1.26897529223611	-3.59791827236597	2.11522081798323	0.000487611898256378	0.00347413566696729
DNMBP-AS1	1.02120968018349	0.272302066791667	6.9295295368133	0.266646578147145	1.60579840600627e-10	9.43433624266058e-08
DPP4	0.359489551944954	1.38104254581944	-3.72413627717552	3.84167645025442	0.000322445353648236	0.00253657976364122
DPPA4	0.0345250983669725	0.218931462333333	-2.75682779747515	6.34122631617955	0.00658955778521953	0.0257686700806655
DPYD	2.18466055847706	4.99369165309722	-4.49564279244485	2.28579750466056	1.58379689136232e-05	0.000257985205528879
DRAXIN	0.901918342293578	3.14330006534722	-5.22213142115754	3.4851271095716	7.3538436021236e-07	2.64517239259693e-05
DSCR6	0.0427611609724771	0.117912407958333	-2.57515747647863	2.75746507524028	0.0110375189319875	0.0378951213165417
DSG2	0.257304500926606	0.593896181777778	-4.61048516315413	2.30814532835235	9.72287321385338e-06	0.000178629768154306
DTL	0.0359388860275229	0.0991730498888889	-4.4864126505096	2.75949148265029	1.43319972939636e-05	0.000241303474131893
DUSP5	1.90966026557798	4.19118518005556	-4.41401062076002	2.1947281700324	2.04478288319505e-05	0.000312185623639022
DUSP9	1.58080504518349	0.784938078875	4.32665693498908	0.496543252608288	3.24639983431746e-05	0.000448028739339229
E2F1	2.87287197711927	6.11966449554167	-5.91213732103858	2.13015565757235	3.51049497193134e-08	2.86178815688561e-06
E2F2	0.480883142449541	1.24376695481944	-5.40609051198553	2.58642244867203	2.71835364115823e-07	1.25051402279738e-05
E2F7	0.25177547966055	0.921519795611111	-6.08473506341852	3.66008555262619	1.61641716661784e-08	1.6207916825663e-06
E2F8	0.0111287970458716	0.0258454395555556	-4.70917287954924	2.32239292791699	5.48687581072748e-06	0.000117853520017917
EBF2	0.11310070446789	0.294143404972222	-3.37816307411009	2.600721245337	0.000932606515890293	0.00577487195087514
EFEMP2	0.681570741605505	1.50395431330556	-5.03805709104578	2.20660046198997	1.41178916084892e-06	4.23001376956989e-05
EMILIN1	4.19683984576147	10.1052928527917	-5.43713035522336	2.40783380452255	3.15634588690219e-07	1.40190941037357e-05
EMILIN2	1.15039924655046	3.32634418470833	-5.69605014607101	2.89146937003182	8.05927205365404e-08	5.17417074301811e-06
EMP1	20.4979582581651	43.2385099985278	-4.38778869484195	2.10940570050699	2.26226055678901e-05	0.000338316047601033
EMP3	8.18424921304587	27.3706561125417	-5.97843669351492	3.3443087325484	2.0688137957544e-08	1.91852377768187e-06
EN1	0.26799462687156	1.82425219551389	-5.89503473580037	6.80704765169859	2.30243481508505e-08	2.03273341764693e-06
EN2	0.345995392192661	1.00326649718056	-5.07184356387771	2.89965276942737	1.27115398274354e-06	3.8950202544661e-05
ENPEP	0.786541874587156	2.28025179608333	-5.58428743589183	2.89908505796999	1.37015368709041e-07	7.64798843109353e-06
ENPP1	0.279215621477064	0.567619691805556	-4.5330469001349	2.03290807585485	1.40068645686011e-05	0.000237655677922432
ENTHD1	0.0426580508165138	0.159118294180556	-2.8113485878843	3.73008825145282	0.00564757420202273	0.0230600247007094
EPHA2	1.11711857145872	2.49136648011111	-3.95311887490509	2.23017192960809	0.000135150962422125	0.00131307700574977
EPHA3	0.803423029449541	1.84140314505556	-2.94420909925136	2.29194717796075	0.00404647302962488	0.017846636333728
EPHB2	0.0648886525045872	0.243650835472222	-4.09033975475179	3.75490669119686	7.36572274642721e-05	0.000836675454158326
ERCC6L	0.281036420275229	0.565699052902778	-6.00789137178688	2.01290299794158	1.13446709856375e-08	1.29115615821602e-06
EREG	0.022093179733945	0.0658486971944444	-3.61672255593967	2.98049886831236	0.000407184060570792	0.00303535138935949
ERP27	0.274928914220184	0.778343835916667	-5.74107541280706	2.83107303618604	4.49613537335814e-08	3.32505336239865e-06
ESCO2	0.610086157	1.72641813259722	-6.05508243533886	2.82979397711072	1.06377246209867e-08	1.24616085295616e-06
ESM1	0.176058789788991	1.06906401958333	-5.9997932717139	6.07219906978017	1.45230214927626e-08	1.53340360062439e-06
ESPL1	0.47558991559633	1.32544224634722	-5.71183120727106	2.78694354712144	6.94170147447808e-08	4.64378632607547e-06
ESPN	0.13416624306422	0.291764757	-2.54757953108314	2.17465101754652	0.0118830008429407	0.0400064071790669
ESPNL	0.0571273350917431	0.170781270541667	-4.34354203139373	2.9894842857172	2.51468829164144e-05	0.000366375242623437
EVC	0.821651296963303	1.97308326709722	-4.51834671139826	2.40136329655833	1.42320698279232e-05	0.000240313572132957
EXO1	0.0191743409449541	0.0733333073472222	-5.80764042070568	3.82455426018282	3.84098570361919e-08	3.01887696983558e-06
EXOC3L2	0.176701875587156	0.624844175763889	-4.79541897945306	3.53614908550132	3.82773227140633e-06	9.01236485350357e-05
F2RL2	0.0191612893577982	0.0504441817361111	-3.92996772877516	2.63260894369729	0.000132719368862304	0.00129808726453661
F2RL3	0.133664952688073	0.474039408958333	-2.99489746924514	3.54647496913101	0.00321983713805844	0.0148941898967407
F3	3.47999480712844	7.51633156730556	-2.57821135487161	2.1598686158695	0.0113688484331862	0.0386991273040308
F5	7.86350256676147	2.56351648159722	5.04194868774993	0.326001862380391	1.18648982130377e-06	3.70738314743946e-05
FABP5	35.0295459039174	82.2170207615694	-4.69878873552215	2.34707640764407	6.57482011134275e-06	0.000135413480718571
FAM109B	0.803579320256881	1.69575149405556	-4.90990380410379	2.11024780168991	3.1613557588848e-06	7.82946782455585e-05
FAM111B	0.0373315349541284	0.0996383245	-5.26408870879598	2.66901226061108	4.42138204009237e-07	1.78146121877469e-05
FAM129A	2.11992263344954	4.94254720191667	-5.46776542704303	2.33147527363966	2.16054743721203e-07	1.05886202808265e-05
FAM153B	0.131184350119266	0.0562474375833333	3.83233042869403	0.428766369861924	0.000183819682802147	0.00164882680679285
FAM153C	0.672963323807339	0.332075975194444	3.48898241208961	0.493453303392078	0.000642389692636231	0.00431550944531821
FAM159B	0.664609434	0.308883955236111	2.82259338337613	0.464760112382201	0.00542480021657777	0.0223666133606113
FAM181A	0.224597152036697	0.457813388625	-3.13574834803506	2.03837575175574	0.00205040517109438	0.0105264942688258
FAM196B	2.65325233530275	1.26077950766667	6.17782032642088	0.475182662007458	1.00037324029186e-08	1.20092751935585e-06
FAM19A1	0.45071201887156	0.194695781541667	2.85528364172999	0.431973795660305	0.004890944894588	0.0207512929478199
FAM20A	0.0321393107431193	0.0678251248611111	-3.76505143826417	2.11034783549712	0.000234916246362891	0.00199195793420532
FAM20C	13.015254431211	27.3767525746806	-5.61306165991043	2.10343583518661	1.44805332315981e-07	7.99024179951202e-06
FAM3D	0.0411946076605505	0.0906511388055556	-5.76144875605028	2.20055837289516	3.9674257398479e-08	3.09053648632508e-06
FAM46A	1.78893024518349	4.06989442152778	-5.21534226088109	2.27504366505377	8.17375136627481e-07	2.83125178254345e-05
FAM46B	0.470170549706422	1.18930690575	-4.46118584320707	2.52952233289093	1.55110917681972e-05	0.000254780032376539
FAM64A	0.229914897183486	0.608936077597222	-4.59427629880182	2.64852815131528	8.7813872206573e-06	0.00016621098684283
FAM72D	0.0799670898348624	0.162480642486111	-3.59855310412237	2.03184388504877	0.000444874226977572	0.0032351722794098
FAM83D	0.806701169119266	2.58485629929167	-5.40577927678931	3.20423026300277	3.19229269487926e-07	1.40707126239018e-05
FANCI	0.176680333018349	0.401275922666667	-5.53439660317404	2.27119745481232	1.75322072052998e-07	9.09133123335176e-06
FAP	0.674264273339449	1.51036559373611	-3.26018220954854	2.24002020195387	0.00145392660757148	0.00809413720893432
FBLN5	5.43420452186239	11.1684522272778	-3.25742059571229	2.05521381875597	0.00144887571965742	0.00807968334025952
FBLN7	0.079952235440367	0.183146426902778	-4.09250210381438	2.29069801355809	6.59600330471447e-05	0.000769182634209784
FCGBP	2.79927694809174	7.79115625358333	-4.74135993345364	2.78327453769608	5.26269417315276e-06	0.000114440745375743
FEV	0.0921708961100917	0.444270783541667	-3.17085217932003	4.8200766434018	0.00184345540203509	0.00968822873507316
FGFBP2	0.729975911944954	4.00460360386111	-4.81856766994972	5.48593938283691	4.13692487372053e-06	9.53271156080486e-05
FKBP9	0.194550500834862	0.444549003277778	-3.99524861157655	2.28500569965183	0.000110482133095962	0.00113174771874514
FKBP9L	0.0222994397522936	0.08659977725	-3.19050883249646	3.88349564885786	0.00173331337489179	0.00925084760101354
FLJ12334	0.0217824010458716	0.209828674819444	-2.97620444757495	9.63294516419775	0.00342024918762179	0.0156056112573885
FLNA	0.446793397788991	1.12965046430556	-6.03075958602316	2.52835084380334	1.53022161165072e-08	1.58699373889954e-06
FLNC	0.0506593294311927	0.172273968319444	-4.57775345244033	3.4006365708696	1.08840802289504e-05	0.000194857276989596
FN1	0.471599141541284	2.02165567070833	-6.05037603224367	4.2868094799773	1.82780224676269e-08	1.7505950808202e-06
FOSL1	0.763313636651376	1.77883979372222	-3.88973726420065	2.33041794134049	0.000145862524741919	0.00139396536049707
FOXA1	0.0607622843027523	0.288824548111111	-2.83239612857118	4.75335237023057	0.00532594258129157	0.0220889246621622
FOXD2	0.0734398821926606	0.220729333125	-4.49108632231184	3.00557852946909	1.44371678986618e-05	0.000241808154826281
FOXD2-AS1	0.281523794522936	0.669458203013889	-4.24379288293112	2.37798088843019	4.17120898357235e-05	0.000543559701524703
FOXD3	0.170619074559633	0.644298694375	-3.70942890860364	3.77624070484459	0.000292690913806522	0.00235105116695092
FOXJ1	3.55283431572477	8.01649054959722	-2.86863518094494	2.25636487300193	0.00481993268475295	0.0204896823103723
FOXL1	0.213279457082569	0.463098905166667	-3.48119656673823	2.17132447494642	0.000712969292963627	0.0046714814197284
FOXM1	0.00786880556880734	0.0284563372777778	-4.9451335962338	3.61634774540386	2.22502810087001e-06	6.04621201921684e-05
FOXS1	0.797404194302752	1.70593389827778	-4.67091329536996	2.13935907343633	6.25293356534994e-06	0.000130585148089029
FRMD3	0.0100196409449541	0.0213223570138889	-3.88477466182032	2.12805599831666	0.00015534713781523	0.00145836597990763
FRMPD4	1.54162199102752	0.706364426652778	3.13514896923718	0.458195608757482	0.00205262374585161	0.0105347983582844
FST	0.0607420952110092	0.154637712541667	-3.60652376638444	2.54580801015305	0.000414158753549317	0.00307062625780832
FSTL1	16.7654570054771	45.6285630005833	-6.74030355510454	2.72158182062541	7.16999969421642e-10	2.12997601085646e-07
FSTL5	0.129930214422018	0.051824627125	4.88926013533999	0.398865093508363	2.71105006880181e-06	6.9733299380266e-05
FZD2	1.08723662146789	2.21021574840278	-2.72269428315938	2.03287463350778	0.00741279434928903	0.0282259497197456
G0S2	0.996977195137615	2.77593589423611	-4.33213671556779	2.7843524483556	2.59675770917966e-05	0.000375522874329967
GALNT3	0.399111768697248	0.969267267833333	-5.00674839325133	2.42856097928945	1.72105655648932e-06	4.90487126269728e-05
GALNT5	0.0995264973211009	0.538631021791667	-4.79938796182982	5.41193587928538	3.93699020744779e-06	9.17604597758167e-05
GAS2L3	0.617743800990826	1.57959905726389	-6.05034106368691	2.55704558221435	1.38997746475761e-08	1.47649303180647e-06
GATA4	0.0780612782018349	0.212076224055556	-4.3657928883357	2.71679158913094	2.41383936251434e-05	0.000354927537808631
GATA6	0.0685271610091743	0.187195281263889	-4.67322121187141	2.73169468145379	6.0626808391781e-06	0.000127105989316118
GBP1	8.51377374940367	17.8398441253056	-5.20233616094583	2.09540970319479	6.70535152737336e-07	2.46900622311498e-05
GDF15	1.11714286380734	3.04273496229167	-4.8039077283531	2.72367578119929	3.72207795102521e-06	8.85167710279767e-05
GEN1	0.00827201959633028	0.0189022021666667	-4.0369838445954	2.28507705361968	8.51107221989845e-05	0.00093467144610376
GINS2	3.01137061211009	6.21091385911111	-5.76323408167456	2.06248737174169	5.4358467658183e-08	3.88873821487744e-06
GJA3	0.106147391330275	0.223311572263889	-2.91373436103004	2.10378766228046	0.00411210469072439	0.0180588471346345
GJC1	0.00947732613761468	0.0331058085972222	-5.40413385668125	3.4931591586606	2.66110885790969e-07	1.23716856638151e-05
GJD3	0.328974445211009	0.7404199925	-4.74989953435105	2.25069151503572	5.84757345183246e-06	0.000123631387081143
GLP1R	1.01641095484404	0.317351731555556	3.81356039034931	0.31222777562866	0.00019731956250592	0.00174579503889008
GNG12	9.11996965174312	24.1723157525139	-5.63586023897584	2.65048203837979	1.00443678750443e-07	6.09161369362978e-06
GNLY	0.118035626642202	0.309038293027778	-3.48890664227787	2.61817810282447	0.000618270335484127	0.00418394755599626
GPRC5A	0.384433563321101	1.06871845352778	-4.97956348132341	2.77998217506083	1.56984894174649e-06	4.5629755227182e-05
GPX8	0.481087351238532	2.031840867375	-6.9801312480536	4.22343439740027	1.65592150703675e-10	9.43433624266058e-08
GRB14	0.441526457027523	1.53183551952778	-5.95154648410518	3.46940822038279	1.8265983350829e-08	1.7505950808202e-06
GRIN3A	3.06371520191743	1.13719534854167	5.52526309746762	0.371181808227459	1.37803492411097e-07	7.66756130631522e-06
GRM5	0.0843316180091743	0.0411346130972222	3.81607798072767	0.487772131832538	0.000200014246856763	0.00176074821931616
GSG2	0.316415945155963	0.795973953388889	-6.08066192426525	2.51559368475109	8.24871579700295e-09	1.0253563246388e-06
GSX2	0.200673129559633	1.21234082754167	-5.25669288296186	6.04137101066838	4.8757974350977e-07	1.93344121368682e-05
GTSE1	0.977788061357798	2.94457738594444	-5.3626957876559	3.01146792675652	4.00670059140133e-07	1.66806273789765e-05
H19	1.96202066338532	24.2343016118472	-3.18910544608998	12.3517055982646	0.00184880080421882	0.00971204890657414
HAMP	4.56988711340367	10.7936063563056	-3.7683659851705	2.36189780807658	0.00023122620785561	0.00196637639256927
HAND2	0.346911668486239	0.855405912583333	-4.00270344323537	2.46577440394533	9.76648737502993e-05	0.0010330550647082
HAP1	0.0717775146238532	0.172662786194444	-3.98086496150516	2.40552751233135	0.000101419304018856	0.00106123948748566
HDC	0.0782152773577982	0.224828884430556	-4.59780865682436	2.87448810546396	8.78091289332532e-06	0.00016621098684283
HELLS	0.619270287990826	1.31902232401389	-5.41745454566595	2.12996223069793	2.94811756366704e-07	1.32491427021519e-05
HGF	0.152839525174312	0.331014010777778	-3.96185126284736	2.16576183680406	0.00011126970731125	0.00113715694463223
HILS1	0.0574842782752294	0.123068770569444	-3.11832164765818	2.14091181557856	0.00219470456807774	0.0111014680994801
HIST1H1D	0.124792115055046	0.252826171805556	-3.47082872297805	2.02597873827232	0.000673071458876408	0.00447701080065533
HIST1H2BH	0.111765301917431	0.273864064541667	-6.18222816493044	2.45034961516043	5.30264678527031e-09	7.97779135339455e-07
HIST1H2BJ	0.267850813559633	0.613275312041667	-4.08112819429644	2.28961526713873	6.8165973003597e-05	0.000790698218950394
HIST1H3B	0.148277273091743	0.311784718236111	-3.34573545683264	2.10271413639501	0.00102780439876626	0.00619687915279538
HIST1H3H	0.247166467357798	0.501455124569444	-3.32047483993993	2.02881535642753	0.00109949784818992	0.00650824004904584
HJURP	0.0593654591926605	0.173858364361111	-4.69384959416875	2.92861146406504	5.94620741983524e-06	0.000125113058160207
HLA-DPA1	0.010288563412844	0.0215254856805556	-2.85612006259102	2.09217602271699	0.00493579892848019	0.0208960743525295
HLA-DQB2	0.152021890348624	0.417770273111111	-2.45858367296885	2.74809287105338	0.0151608276391071	0.0481994968312407
HMGA2	0.039915233440367	0.209768219402778	-5.45845396835328	5.25534241748003	2.16279229790375e-07	1.05886202808265e-05
HMMR	0.0216655003119266	0.0511486958472222	-4.23040402212029	2.36083612705982	3.97038107302531e-05	0.00052401256827496
HORMAD2	0.0582194468899083	0.170171741027778	-3.41736495490942	2.92293640902444	0.000806960195548703	0.00518080269134876
HOTAIRM1	0.226803969981651	0.951227527680556	-3.18013285169309	4.19405148753574	0.00179090355905052	0.00945733822684205
HOXA1	0.0130611646513761	0.0341304759583333	-3.87732616611014	2.61312653728297	0.000164582343861484	0.00152062980540866
HOXA10	0.0455430345229358	0.212686133027778	-5.60212229339998	4.67000355280823	1.2825889378234e-07	7.32245482515661e-06
HOXA11	0.219783129504587	0.597569229375	-4.43008883174772	2.71890399741773	1.79016794032531e-05	0.00028346815826887
HOXA11-AS	0.140835156073395	0.392929258680556	-4.10667178413601	2.78999412956084	6.9135262451105e-05	0.000799296665554431
HOXA2	0.236829087027523	1.06311216468056	-5.56228891802878	4.4889425451233	1.19547275621921e-07	6.97610753458565e-06
HOXA4	0.195028784853211	1.36240864854167	-4.67262183412851	6.98567982960612	7.30188538927439e-06	0.000145763263346028
HOXA5	0.218291479330275	1.70860843072222	-6.29077499336751	7.82718792306637	3.87405569536425e-09	6.40743484894788e-07
HOXA6	0.154231278055046	0.608304681916667	-5.36450684719067	3.94410712008468	3.40099268748788e-07	1.46820686782266e-05
HOXA7	0.104726816853211	0.547888836152778	-5.62395860492697	5.23160020151017	1.10786191194472e-07	6.58220194259494e-06
HOXB13	0.0414022146238532	0.270533103472222	-3.43371945485605	6.53426648622702	0.000794859085778849	0.00511435212791699
HOXB2	0.605105517256881	2.258416384875	-4.89445921859974	3.73226870432955	2.40667527948606e-06	6.40122247366179e-05
HOXB3	0.313328849522936	1.55928961977778	-4.89610235553263	4.97652744760625	2.49447018187375e-06	6.58442452977427e-05
HOXB4	0.253399245651376	0.830959824888889	-4.57431277419078	3.27925137564188	9.29602417390547e-06	0.00017296328630153
HOXB5	0.0658775026330275	0.326480068708333	-3.20495766662427	4.95586589745212	0.00168328727103051	0.00904167208070847
HOXB6	0.199063299110092	0.402451692805556	-2.75812827793474	2.02172723251703	0.00648269323005389	0.0254872508396488
HOXB7	0.637776776256881	1.31471881319444	-2.5072538543197	2.06140904175054	0.013190026654026	0.0434551874370516
HOXB8	0.0988988126055046	0.671092693277778	-3.85705961959807	6.78564965137332	0.000176518595279158	0.00160067529897424
HOXB9	0.0431951557614679	0.115154045361111	-3.19830023242543	2.66590184318386	0.0017085107514885	0.00915191562999355
HOXC10	0.438423990908257	1.93832659169444	-5.31251995390618	4.42112346014398	4.04607721678558e-07	1.67253762685379e-05
HOXC11	0.149513392981651	0.677712440069444	-5.24615157346502	4.53278750855861	5.73913134745855e-07	2.17256490554873e-05
HOXC13	0.0910326317614679	0.611169821041667	-4.06339348337277	6.71374439270426	8.61075575402723e-05	0.00094090222008002
HOXC4	0.0210319209174312	0.0727645501666667	-4.99201984629197	3.45971965434501	1.70741869907464e-06	4.8827298246166e-05
HOXC5	0.0272532479633028	0.0742667627361111	-4.11734623491427	2.725060984882	6.45488039544642e-05	0.000756247919057416
HOXC8	0.0905495374678899	1.32696672944444	-4.39494206887223	14.6545942315277	2.25607218916001e-05	0.000337678712719108
HOXC9	0.131091795880734	0.701752871333333	-5.47455529601456	5.35314103082226	1.99881590005398e-07	9.98098184622397e-06
HOXD10	0.330283160614679	1.58316911522222	-4.81268092065571	4.79336915716756	3.91591885404352e-06	9.15124130064276e-05
HOXD11	0.261533072330275	1.49747105958333	-4.86308326638248	5.72574262306781	3.34726745071942e-06	8.17096888701383e-05
HOXD13	0.121880473504587	0.842992015527778	-5.11496595140333	6.91654693560122	1.17260998480987e-06	3.68982678703097e-05
HOXD3	0.611990077743119	1.56228423225	-3.69051177017569	2.55279340150636	0.000307227402770425	0.00244207468859739
HOXD4	0.694504378192661	1.98425954216667	-2.7146058725025	2.85708716096275	0.00744174728237387	0.0283177387360327
HOXD8	0.0304850132110092	0.0817283856666667	-3.57436518902316	2.68093653432145	0.000490696946621691	0.00348619593978046
HOXD9	0.363815692853211	2.10551796156944	-5.18175704918123	5.78732034634625	7.28155393562378e-07	2.62600402941724e-05
HPR	8.19523527654128	3.88097085811111	5.57508426523276	0.473564300126968	1.81068058423158e-07	9.22552284878687e-06
HRH1	0.0151541557981651	0.0438368112777778	-2.53459360879376	2.89272539240263	0.0124838602701156	0.0416374155954932
HS3ST3B1	0.141359741431193	0.604384152069444	-3.33393000013529	4.27550408589019	0.00108566897321642	0.00644815997748702
HSD11B2	0.553979995137615	1.27302465327778	-3.14196481242328	2.29796141458419	0.00208582414587161	0.0106661886736898
HSPA6	0.682956081385321	1.61813234325	-5.67907095536311	2.36930658845258	6.84624234778944e-08	4.59747469845615e-06
HSPG2	1.7983690996789	5.11091945811111	-5.49403728457804	2.84197468641097	2.32231889046626e-07	1.10908128591831e-05
HTR2A	0.463421447137615	0.204567312111111	4.94319297642775	0.44142823638105	2.34795967594761e-06	6.28285331913494e-05
HTRA3	0.482413033669725	1.63657219694444	-6.2708300801376	3.39247093822281	3.6644605772767e-09	6.38465087597649e-07
IBSP	0.697469674614679	6.83268623641667	-4.48476094085617	9.79639185057246	1.50770206816679e-05	0.000249532522651174
ICAM1	4.58374060269725	10.3993723479306	-4.02984504353313	2.26875236827563	9.44818051074562e-05	0.00100913016338719
IGF2BP2	0.0176339528165138	0.0738592888194445	-5.1374492086105	4.18847036668245	1.0138601262952e-06	3.32148157636935e-05
IGF2BP3	0.840755560981651	2.93588773225	-6.48525346007251	3.49196350104674	2.02207394000609e-09	4.43011124331084e-07
IGFBP2	20.0279575674954	78.5963416217778	-7.10697928749523	3.92433134316884	8.81298215829191e-11	5.73742245021025e-08
IGFBP3	0.212939235651376	0.726847551527778	-3.17276268968554	3.41340359048612	0.00185486549574827	0.00973691210227859
IGFBP4	13.4995906587064	29.2004545540139	-5.52955445077757	2.163062221089	1.55072796784695e-07	8.38962285804169e-06
IGFBP5	45.4031190775596	95.8214790110139	-3.5746489917035	2.11046027140398	0.000509468872478414	0.00358604885637098
IGSF9	0.0100857524036697	0.0321649523472222	-3.86019767198387	3.189147528103	0.000172761460110091	0.00157543710267927
IKBIP	1.35414346965138	2.78541223459722	-6.55990522337906	2.05695503986319	1.25309222724525e-09	3.05040937040659e-07
IL13RA2	1.439525026	7.47429678291667	-6.05176820981099	5.19219648697977	1.05851758081505e-08	1.24616085295616e-06
IL17B	0.10389905566055	0.219809558263889	-3.64569082615999	2.11560689234781	0.000361628850301537	0.00276780299529914
IL2RA	0.265965690743119	0.786576832722222	-3.88815295900283	2.95743721877996	0.000147920903682256	0.00140479567140329
IL7R	0.41125474159633	0.888775784263889	-5.22959318795243	2.16113200498068	5.18645170781864e-07	2.0244137409631e-05
IL9	0.179874814972477	0.0875894210694444	4.78481655725541	0.486946552705817	4.37315240518853e-06	9.95701707379519e-05
INHBE	0.128945080715596	0.304774850833333	-3.49216658651018	2.36360200127022	0.000610855778839017	0.00414308448193215
IQGAP2	0.0453610645504587	0.107780686555556	-4.29412668661949	2.37606166485935	3.07156874657735e-05	0.000429651918765054
IQGAP3	0.660478877715596	2.11842751340278	-6.89000286743749	3.20741144778134	2.11012508631316e-10	1.11186485905737e-07
IRX5	0.00982821685321101	0.0377430910972222	-3.70974303596913	3.84027862438658	0.000316132090383447	0.00249812765922032
ISL2	0.177599809614679	0.546461726027778	-5.12717479907187	3.07692743147294	8.12000351584219e-07	2.83125178254345e-05
ITGA1	2.45917526919266	6.40168686086111	-4.68435103871524	2.60318446637712	7.6240547323135e-06	0.000150142480104785
ITGA3	0.237368544651376	0.505255181069444	-2.61486318343993	2.12856839060759	0.0102180501843146	0.0357682775275578
ITGA4	0.995124909963303	2.025540168375	-4.38121168602274	2.03546323491158	2.29789784017521e-05	0.000342476661945161
ITGA5	3.59656140172477	9.22521796395833	-5.06241010311987	2.56501055689867	1.58755290900256e-06	4.59918013819633e-05
ITGB1	0.397173665082569	0.900026131763889	-5.98071751595706	2.26607706121901	1.78297018829016e-08	1.73611769389787e-06
ITGB3	0.495516219889908	1.47160764027778	-5.90529796524414	2.96984756746153	3.1277803021808e-08	2.58587761114731e-06
ITK	0.243110570880734	0.709863541652778	-4.42435765255471	2.91992050810915	1.69926764155574e-05	0.000271495569312192
JAG1	6.24636691651376	14.8393165493611	-7.27557036058927	2.375671610025	3.86587437614263e-11	3.38785900953259e-08
KCNC2	0.193102619678899	0.0965124140416667	2.87799131197883	0.499798574468604	0.0045460036855498	0.0196009364321356
KCNE4	2.1712629146789	4.83510580759722	-3.75744413430326	2.22686334985474	0.000264463541747317	0.00217006203005863
KCNIP2	0.539217599853211	0.265972019388889	5.13918582919163	0.493255449119786	1.02595594017862e-06	3.35133452898327e-05
KCNJ11	1.81693132355963	0.739347973319444	5.5453347962099	0.40692125438784	1.24261033175747e-07	7.14073156875843e-06
KCNN4	0.401649247247706	0.987813874347222	-4.19759046704579	2.45939431261529	4.27779075938638e-05	0.000554972898887973
KCP	0.0702297336513761	0.145111395	-4.54535798545186	2.06623872048754	1.10787481112599e-05	0.000196911546127782
KDELR3	0.434977355146789	1.02287944329167	-4.83123447424668	2.35156941203636	3.08277314170785e-06	7.67566083297332e-05
KIAA0101	0.614914651495413	1.72888330898611	-4.8093062159424	2.81158255829754	4.10577603241649e-06	9.48115105667508e-05
KIAA1522	0.0147435836330275	0.0314603202777778	-3.44280581100385	2.13383130321875	0.000746998630580137	0.00484912777710299
KIF11	1.8946540722844	4.25618601405556	-5.48833899005223	2.24641852901613	2.06454338174433e-07	1.02507795614257e-05
KIF14	0.389898266174312	1.16141495225	-6.57306440170143	2.97876408542624	1.12108718335678e-09	2.84772392212961e-07
KIF15	1.3538634483945	3.07020622434722	-5.84783471059092	2.26773699222627	3.83045167125461e-08	3.01887696983558e-06
KIF18A	0.413268282577982	1.08357050427778	-6.61162071472898	2.62195418801179	6.36863033146322e-10	1.95829796174659e-07
KIF18B	0.163013633091743	0.331565080569444	-3.07781998987729	2.03397148005923	0.00251216475575119	0.0123294824106968
KIF20A	0.896878890018349	2.68738356991667	-6.02475834581407	2.9963728657519	1.60880230386134e-08	1.6207916825663e-06
KIF23	0.0187925571009174	0.0880385506805555	-6.78766530551905	4.68475632175983	2.44357615956049e-10	1.11964718248399e-07
KIF2C	1.41560685526606	4.48022571361111	-6.75382778940902	3.16487992195339	4.15777955337524e-10	1.45746804464016e-07
KIF4A	1.00082743777064	2.99881389611111	-7.22421375269768	2.99633461567662	3.58968546230881e-11	3.31139037357297e-08
KIFC1	2.08540702566055	5.87541261754167	-5.48845171529637	2.81739370072403	1.99120585683941e-07	9.97139001509269e-06
KLHDC7A	0.0761594995137615	0.171466324402778	-3.6789543691	2.25141086138302	0.000328342906765887	0.00257258208622517
KLHDC8A	0.691390565302752	2.29752880704167	-4.29092031884018	3.32305490173359	3.79774695352912e-05	0.000505798714699885
KMO	0.108181743018349	0.219420409986111	-4.19837812874169	2.02825729983751	4.31207144713992e-05	0.000557768828442962
KSR2	1.41427523607339	0.647182734458333	5.46079102656983	0.457607343995626	2.32195169081152e-07	1.10908128591831e-05
LAMA4	0.00964132405504587	0.0243677468472222	-3.90100661569759	2.52742742678265	0.000146773633514624	0.00139961995354234
LAMB1	4.76992341588073	13.2694639541667	-5.44040107278428	2.78190293579725	2.75886942125155e-07	1.26252491765733e-05
LAMC1	5.96365678927523	14.5145216929583	-6.42056560519621	2.43382914306212	3.20714097093986e-09	5.79500616470751e-07
LAMC2	0.0386831499082569	0.0872297642916667	-4.18941456960902	2.25498090250007	4.64097305709723e-05	0.000589437208490892
LAMC3	1.6020208829633	3.485863681375	-4.68602825587123	2.17591650548718	7.43647628145681e-06	0.000147275841565077
LCNL1	3.87804736092661	1.86760377916667	4.72401998687575	0.481583540723038	7.16062134581933e-06	0.0001434333832322
LEMD1-AS1	0.0184719752568807	0.0462956936666667	-4.11402674152984	2.50626654826325	6.23209365865079e-05	0.000736050576517334
LIF	0.0249100587522936	0.174157175486111	-5.34268507958572	6.99143977209912	3.9128174829891e-07	1.6406687087165e-05
LILRB1	0.0539893782477064	0.123234824722222	-4.36702978785483	2.28257536430247	2.16960697841305e-05	0.000326689875521009
LINC00152	0.259296508798165	0.945029086	-5.18556475088809	3.64458854606332	6.24018073141688e-07	2.32211566198606e-05
LINC00346	0.166311919715596	0.401844860777778	-6.23321193725138	2.4162120277666	5.917755667662e-09	8.50168062189442e-07
LINC00475	0.0607461203486239	0.299878040069444	-4.2381931110483	4.93657929672603	4.21199214255653e-05	0.000547246747832382
LINC00507	1.27921142617431	0.559829683277778	3.57059136695844	0.437636556258756	0.000458187850950421	0.00331024668738995
LINC00551	0.0300759051834862	0.0636868375555556	-3.21237620237191	2.11753685107785	0.00162152387084354	0.00881527570852195
LINC00669	0.0674792745045872	0.202256109361111	-4.0719956404173	2.99730711164303	7.89955338052038e-05	0.00088244405417706
LINC00842	0.406399815559633	0.137760575375	4.45489311294213	0.338977947579274	1.6271142888715e-05	0.000263085167352867
LMNB1	0.694095517954128	1.74055076822222	-4.7984695603426	2.5076530869304	4.42982478628443e-06	0.000100571941747678
LMO1	0.146271421220183	0.368013901527778	-2.56338701545868	2.51596585619964	0.0113328955432246	0.0386142418713254
LOC100127888	0.171413657330275	0.578794652236111	-2.88610514082786	3.37659589819559	0.0044553018008512	0.0192714893049158
LOC100130476	0.0467334160825688	0.104432987472222	-4.26719429847209	2.23465340705481	3.30049717628297e-05	0.000452997760444101
LOC100130776	0.727534158458716	5.810842165	-3.85639545213821	7.9870368936495	0.000210860337370582	0.00182920033425117
LOC100288122	0.236818491504587	0.111300615458333	3.83232232555492	0.469982790411354	0.000201740520324088	0.00177327286846554
LOC100505835	2.80292938214679	1.11592089090278	5.93177918439774	0.398126652070015	4.48474075753807e-08	3.32505336239865e-06
LOC100505875	18.1860163943119	6.82078718498611	5.89539787368434	0.375056693950824	2.90752302887117e-08	2.42667410128691e-06
LOC100506385	0.135945741688073	0.324736937277778	-4.45703774475137	2.38872459883947	1.72134203116993e-05	0.000274272379821049
LOC100506474	0.264151204275229	1.3866149485	-5.00721411167108	5.24932283502002	1.61313313126604e-06	4.64285943585578e-05
LOC100507387	1.48427634563303	0.649055018166667	2.82834290365222	0.437287180433945	0.00537781948966265	0.0222199533699475
LOC100507632	0.0267594091376147	0.0601073779027778	-3.45715148741963	2.24621469008025	0.000703185917345349	0.0046281410339136
LOC100652791	0.0752441026880734	0.170750375138889	-3.98292268682388	2.26928581827521	0.00010214746613303	0.00106504380661131
LOC100996291	0.121001252972477	0.265342633319444	-2.77527850873075	2.19289161724465	0.00628355131806436	0.0249562211537988
LOC150197	0.0242739328899083	0.0773362880416667	-2.7657347929721	3.18598096124006	0.0064344055217986	0.0253770984654735
LOC154761	1.04754044321101	2.19200929448611	-3.50111457609991	2.09252951396032	0.000617454975593618	0.0041832753603515
LOC284276	0.0248387584036697	0.0991703510833333	-4.7778246821402	3.9925647438433	4.3728858379811e-06	9.95701707379519e-05
LOC285084	0.0308144711009174	0.292867359597222	-2.8702579053773	9.504215037087	0.00473031515378405	0.0201919711885955
LOC285548	0.0237177568256881	0.131123212888889	-3.94707505844949	5.5284828937479	0.000128675012330644	0.00126915415932426
LOC541471	1.00417382807339	3.67839584284722	-6.28968851124011	3.66310666541129	2.61131179542557e-09	5.0976054065673e-07
LOC643669	0.68599630746789	2.91388691447222	-4.76559033591046	4.24767142731102	6.59847242064404e-06	0.000135741110465526
LOC729732	5.41916997117431	2.67203700919444	6.11440683018021	0.493071268000001	7.49828195574528e-09	9.84168995350947e-07
LOX	0.11457834366055	0.755839343597222	-6.26801489982965	6.59670335117141	3.91165361349588e-09	6.40743484894788e-07
LOXL1	0.855569112201835	3.74523991963889	-6.29559787376714	4.37748378970857	4.64234707094331e-09	7.12724645199995e-07
LOXL2	2.90023360422936	8.09912908073611	-5.53551409842353	2.79257818022841	1.65710451709569e-07	8.7219432045454e-06
LOXL4	0.187097159394495	0.885999094847222	-5.58985129511446	4.73550265388631	1.19804208815558e-07	6.97610753458565e-06
LRRC32	0.041760032587156	0.118192526527778	-3.46229923793858	2.83027859906723	0.000711285285038424	0.00466742687789909
LRRC36	0.020026544	0.0441182185972222	-3.48566076231391	2.20298712534835	0.000643373671479489	0.00432046373180882
LRRC66	0.32285742859633	0.677926852263889	-4.10726855595587	2.0997715778487	6.52105254491131e-05	0.000762471567409343
LSP1	0.230253423944954	0.537155841138889	-5.9643060938121	2.33288970012148	1.29578423292084e-08	1.4106341770437e-06
LTB	0.0954607150825688	0.191344925847222	-3.46526814983407	2.00443633469243	0.000677552874176787	0.0044999883386497
LTBP1	0.0683020003394495	0.200449108541667	-4.08749071607122	2.93474726282493	7.48384543804085e-05	0.000846800251727192
LTF	0.231937243807339	1.89134278729167	-4.54453568416436	8.15454541170079	1.18704388023134e-05	0.00020780487176079
LUM	2.07249287742202	10.39316552325	-5.71322410762754	5.01481362685217	7.63799743168437e-08	4.95212546168579e-06
LUZP2	0.0961101865963303	0.0458799311944444	4.67932530556501	0.477368037866199	7.35046476475301e-06	0.00014639954083162
LXN	1.96095460146789	4.05208650158333	-5.5867637363384	2.06638465701863	1.1004911769223e-07	6.5606492714004e-06
MAB21L1	0.281447832559633	0.860101556097222	-3.48281602581816	3.05598926904148	0.000657098149917624	0.00439243298001762
MAD2L1	5.0379694666789	10.6662142200417	-5.45170687434233	2.11716531642122	2.57377440635702e-07	1.20294784053919e-05
MADCAM1	0.196305751220183	0.0975598195694444	2.72399695880705	0.496978916628978	0.00719907262952183	0.0276221860721605
MAFA	0.063499203587156	0.163176830180556	-4.02900128474101	2.5697460906984	8.58585586294745e-05	0.000939576746280728
MAP2K5	0.0744766554220184	0.151720466916667	-4.53277551497094	2.03715467695146	1.06761638059154e-05	0.000192313589955067
MARS	27.7271917759908	56.7158612079167	-3.77528694249945	2.04549604828814	0.000295884853705548	0.00237127289935855
MARVELD1	2.32367807859633	4.68412527765278	-4.5740336242004	2.0158236723059	1.17959218672506e-05	0.000206771668201391
MARVELD3	1.20892121915596	0.395261004541667	4.9201228758943	0.32695348404723	2.0195254007757e-06	5.61844788879297e-05
MCAM	14.7943162890275	34.1608001124861	-6.12884340820236	2.30904892426979	1.02475343453685e-08	1.22182676511071e-06
MCM10	0.0122894513761468	0.0355804239861111	-5.54961033990531	2.89520035492967	1.23817306858844e-07	7.14073156875843e-06
MCM2	0.081847778266055	0.2072015165	-5.0856453297868	2.5315472318194	1.13446113001452e-06	3.63504574511234e-05
MEDAG	0.188733706055046	0.723934868347222	-3.7369524253447	3.83574764401691	0.000263442904413953	0.00216574286381958
METTL1	1.31443754577064	5.26767784933333	-4.61523629303899	4.00755278657606	1.16779109318296e-05	0.000205088922747673
METTL21B	0.0556149120458716	0.130393734958333	-3.57795325085131	2.34458223813756	0.000457214248440334	0.00330457489996443
METTL7B	4.67095433252294	18.0780725123333	-7.0451946958654	3.87031669020167	8.00320885832312e-11	5.73742245021025e-08
MFAP2	0.0302044614678899	0.108728534513889	-5.14396767118906	3.59975080600186	9.2797395152573e-07	3.12852591763455e-05
MGC45800	0.0885161591192661	0.250591585263889	-2.49123132908481	2.83102642226312	0.0139851896072206	0.045493396110942
MGP	2.72933842956881	13.8207485023194	-5.83386752511048	5.06377236058003	4.44955585364452e-08	3.32062097716259e-06
MIR155HG	0.266284475412844	0.709087512597222	-6.28317623833299	2.66289467869977	2.4546261350343e-09	5.00258514752863e-07
MKI67	0.0549981828990826	0.113209626055556	-4.16954318701554	2.05842484402233	4.94819088250572e-05	0.000616834577508377
MLF1IP	0.111297372321101	0.332093579305556	-5.3342998916477	2.98384025049075	3.23841485516503e-07	1.41193276533526e-05
MLK7-AS1	0.0280374135137615	0.147644689	-5.26552019077832	5.26598820991574	4.15509259225177e-07	1.70053113116322e-05
MMP11	0.535225962486239	2.37713094672222	-6.40948741357575	4.44135956275354	2.8231378292117e-09	5.32055233683801e-07
MMP12	0.0619178719357798	0.433109105680556	-3.78001871540936	6.99489649983076	0.000236465672763067	0.00200219026401849
MMP13	0.0275291279724771	0.486410087180556	-3.46273241613344	17.6689246265576	0.000738167621446331	0.00480425692576674
MMP14	12.8897182108257	33.3704778412222	-5.07282998770586	2.58892221656136	1.34254542776173e-06	4.07812715985785e-05
MMP19	0.00806946730275229	0.0445259865972222	-4.66846109910303	5.51783468805128	8.12938175556588e-06	0.000157231618426101
MMP7	0.692471315844037	2.57314420851389	-4.50182813290282	3.71588562535265	1.33359773805836e-05	0.000228261401903798
MMP8	0.0234160288073395	0.0969481947777778	-3.51563248941905	4.14024921029268	0.000594282388341803	0.0040466151594665
MMP9	1.472070266	22.2489478304028	-4.49695414809868	15.114052871171	1.56453935270266e-05	0.000256070862554129
MND1	0.0557364288440367	0.136946235736111	-5.26638155237982	2.45703283429439	4.07237750990405e-07	1.67944848508443e-05
MNX1	0.0681896612568807	0.159113565125	-2.98280849441568	2.33339720702813	0.00336399761982214	0.0153984816616931
MOXD1	4.37115396737615	15.8252739589861	-4.05636727118449	3.62038813482598	8.80467844209032e-05	0.00095494801395122
MPZL2	0.321725961917431	0.834711046708333	-5.73069990457188	2.59447836206192	4.26195067548594e-08	3.21979351246733e-06
MSMP	2.83790627752294	6.73397405008333	-3.5092114708778	2.37286696302074	0.00068121367778447	0.00451955908926469
MSN	30.8625400983945	67.246481779625	-5.28832138871878	2.17890301852125	5.72728003770529e-07	2.17256490554873e-05
MSR1	1.73770845262385	3.86552018645833	-5.41964870835275	2.22449294104635	2.17145445659555e-07	1.06014156715182e-05
MTFR2	0.0181172457981651	0.0471767839722222	-4.00941593926903	2.60397107252363	9.61585595403733e-05	0.00102329755498732
MXD3	0.780841268330275	1.61365425852778	-4.56928536570654	2.06655862590147	1.23863373550714e-05	0.000214945876061719
MXRA5	0.758935986036697	2.15532849991667	-5.74098847570989	2.83993451301761	6.0304015009189e-08	4.21095008392851e-06
MYBL2	0.102773992779817	0.354439926527778	-5.55560689269049	3.44873169700755	1.14946567159646e-07	6.7833955643337e-06
MYBPC3	0.0944046652568807	0.467909763375	-2.99744094452831	4.95642627514	0.00315864086514058	0.0146845779747775
MYL9	3.28254332689908	6.93832209352778	-2.77603171897634	2.11370312667958	0.00645266822443031	0.0254148125774359
MYO1B	0.0286975956880734	0.0640141185833333	-3.7441264776618	2.23064396331771	0.000254910300723457	0.00212247640892163
MYO1G	0.570554820082569	1.195838712625	-5.01091166157183	2.09592254860268	1.52055390200907e-06	4.4791173513467e-05
MYO5B	0.60657290240367	1.335756158875	-3.89907040126351	2.20213622069465	0.000160819066135375	0.00149770232314278
NAMPT	23.395546689211	66.2785547168611	-4.89523057783605	2.83295601497638	3.46920599050321e-06	8.37531313988288e-05
NAPSB	5.22550374177982	11.9321589311667	-3.33283504374237	2.28344663420001	0.00110825049881978	0.00654457765930401
NCAPG	0.0572799414036697	0.166851064347222	-5.64151950935188	2.91290563953916	7.58761919634912e-08	4.95212546168579e-06
NCAPH	0.0141602055321101	0.0400995591805556	-5.61212938182551	2.83184866841266	8.63335295163468e-08	5.40417061368932e-06
NCOR1P1	0.163557339926606	0.808471407972222	-2.9683283662286	4.94304571311208	0.0034294209105327	0.0156285648203086
NDC80	1.23058074094495	3.83965073869444	-6.90097070302734	3.12019407661622	1.6686507874849e-10	9.43433624266058e-08
NDRG2	1.30117174357798	0.625346364902778	6.53726580984665	0.480602478488497	2.66246004723896e-09	5.1280150821931e-07
NDUFA4L2	8.44528007580734	17.4024976842361	-4.30218284851588	2.06061818294078	3.5875478516879e-05	0.000484359777782577
NEIL3	0.334444351825688	0.961420863708333	-6.62316869311738	2.87468111947492	4.53151154945957e-10	1.47081116532181e-07
NEK2	0.395906701779817	1.16021553191667	-5.47490733292447	2.930527638711	2.31157401488485e-07	1.10908128591831e-05
NETO2	0.198614251422018	0.410582570777778	-3.84548376722178	2.06723620202543	0.000175443303429629	0.0015932615436327
NEUROG2	0.10196207133945	0.402247565569444	-2.64820318539166	3.94507055697498	0.00893380814809252	0.0323919849837852
NGFR	2.97401657338532	7.15208292029167	-2.97139048339428	2.4048564437388	0.00353994943648736	0.0160198021619711
NHLH1	0.43134649759633	1.00857477465278	-3.4240572965476	2.33820091335629	0.000816357000025705	0.00522963784336642
NID2	1.7941502456789	4.19254867676389	-5.12511405372887	2.33678795121054	1.23694027291141e-06	3.83036257302445e-05
NKX3-2	0.115941288027523	0.461521522222222	-5.47912459748934	3.98064856854672	1.63955236289253e-07	8.68042146138785e-06
NKX6-1	0.326653999807339	1.54567736788889	-4.44170198406612	4.73184889455059	1.69100609909885e-05	0.000270916489021075
NNMT	2.80762914043119	12.015529747625	-5.13186734052683	4.27960002786539	1.02679673764136e-06	3.35133452898327e-05
NODAL	0.46083098346789	1.19124602686111	-3.68563596366443	2.58499551808915	0.000349792840180002	0.00269842390397663
NOX4	0.00758865533027523	0.0202082125694444	-4.64777830510288	2.6629503765737	7.61549399659403e-06	0.000150142480104785
NPNT	0.00730531286238532	0.0468650884166667	-5.01129232740732	6.41520620670096	1.77881226023054e-06	5.04486124353733e-05
NPR1	0.422202276201835	0.972602174458333	-2.52513464439434	2.3036402911134	0.0128834751785739	0.0425978083292766
NPSR1	0.0471795331743119	0.0981879655555555	-2.99869744654384	2.08115593668096	0.00320007364835463	0.0148262465859666
NR2F2	0.715778002963303	1.51572785172222	-2.85735398747708	2.11759490435183	0.00502369409417832	0.0211657648448709
NR5A1	0.0317054610917431	0.111381182180556	-3.07520289210542	3.51299676286878	0.00250175774706901	0.0123001210665641
NRP1	0.0249059167981651	0.0539040582638889	-4.83884149013882	2.16430732908656	3.03951208341415e-06	7.59964740171183e-05
NSUN7	0.273108659174312	0.760523024777778	-4.0137536016209	2.78469026605404	0.000106466131741875	0.00109637596418322
NUF2	0.107108055110092	0.316354504222222	-4.73530917071631	2.95360142518744	5.05510908854244e-06	0.000111028692976044
NUSAP1	0.0911558740733945	0.267014701569444	-5.0247085107544	2.92921004031464	1.35030605275966e-06	4.0875326747355e-05
NXPH4	1.53005819493578	3.45901861625	-3.4044471616589	2.26071049303794	0.000860343266180335	0.00543787826409763
OIP5	0.892229195238532	1.87761500391667	-6.16700198753529	2.10440883792723	6.87470897949066e-09	9.34054451810332e-07
OLFM3	2.39770601743119	1.10461820705556	2.64730929540979	0.460697933368412	0.00892695238786271	0.0323738246435071
OLFML2A	0.0786983141009174	0.220301841333333	-4.88726292965683	2.79932097466323	2.71739849812984e-06	6.9733299380266e-05
OMP	0.105542351944954	0.220859890416667	-3.73799013888135	2.0926186156232	0.000259061200596296	0.00214307638952705
OR51E1	0.123381392972477	0.617167299138889	-4.13966041011649	5.0021099962501	5.76639948918748e-05	0.000693193990720089
OR51E2	0.0604204978073394	0.129390871930556	-2.49766878724505	2.14150622100366	0.0135752691221346	0.0444569771867813
ORC6	0.118001214541284	0.257068928583333	-5.01262160304032	2.17852781924879	1.30093023417482e-06	3.95857712055244e-05
OSMR	2.62885047070642	5.76262418405556	-4.61299352075394	2.19206997441244	9.63807179778901e-06	0.000177443786134294
OSR1	0.664027711027523	1.95739543231944	-3.48401703549145	2.9477616668897	0.000657832947815102	0.00439566834782894
OTOS	0.506777992779816	1.73553268375	-3.69127971998911	3.42464098377699	0.00030020842450041	0.00239754573200974
OTP	0.112186196651376	0.545195823833333	-4.96891130151683	4.85974068206942	2.07991456526626e-06	5.73186518638706e-05
PACSIN1	0.595382311926606	0.279842368958333	3.12207312023112	0.470021301191814	0.0021584825409972	0.0109784455879449
PAPPA2	0.145193804577982	0.493830081736111	-5.21389274957637	3.40117874293239	8.1282995538869e-07	2.83125178254345e-05
PARPBP	0.445225074816514	1.02443153376389	-7.3059906933782	2.30092955610391	2.6724707378808e-11	3.21370539816583e-08
PART1	1.44494498389908	0.721254608180556	2.86676259472757	0.499157141771793	0.00469301600476832	0.0200691608645132
PBK	0.433619123174312	1.33882849	-4.60426690079856	3.08756791028748	8.47881002124215e-06	0.000161706314735921
PCDHGA3	0.111049663770642	0.0257060374861111	3.10092554832245	0.231482353149699	0.00226501597798302	0.0113505371570832
PCDHGB3	0.00917260812844037	0.0183679609722222	-2.66126610450963	2.00247963447506	0.00861839668605605	0.0315573057167896
PCOLCE	3.13256307084404	8.73988533134722	-5.71512262083542	2.79001096983256	8.0591191532113e-08	5.17417074301811e-06
PDCD1LG2	0.668760664917431	1.35077706095833	-3.87966226269723	2.01982133791482	0.000164879667958614	0.00152257425727641
PDGFD	0.0316221869082569	0.0974181541527778	-3.70709685249856	3.08068997363813	0.00030036438942597	0.00239754573200974
PDIA5	0.328487077678899	0.710943585986111	-5.92343368176461	2.16429696720389	2.20828201606354e-08	2.0054175593547e-06
PDLIM1	3.16811726521101	11.07621161375	-7.52783398400185	3.49614950664154	6.01612098806388e-12	1.1315525012391e-08
PDLIM4	0.393658982201835	1.07249233340278	-3.31617442063694	2.72441981992651	0.00116896166868277	0.00682036989580657
PGM5-AS1	0.292942332146789	0.624464265527778	-2.43925079577484	2.13169691437722	0.0157918889615798	0.0497601804123885
PHLDA2	0.467261687633028	1.32876156652778	-4.20505778393591	2.84372034278861	4.21692252990992e-05	0.000547481490235046
PHYHIP	0.790691395752294	0.381597742472222	3.63294164535414	0.482612741863917	0.000383157984447492	0.00289032373812138
PI15	0.248542837678899	1.09167665684722	-3.77841690422981	4.39230784939213	0.000238304840841013	0.00201290069658816
PI3	0.986308573036697	2.61456579655556	-3.59702002026381	2.65085985058986	0.000438635737484115	0.00320332023786837
PITX1	0.253956273899083	0.654617477388889	-2.79689539923766	2.57767791020993	0.00585394456603984	0.0236956319651225
PKMYT1	0.019006621412844	0.0465836953055556	-3.81406541379761	2.45091930300016	0.000198386854894606	0.00175346767813301
PLAT	0.311983564559633	1.34310958973611	-6.93071401178817	4.30506520954692	2.59208796754056e-10	1.11964718248399e-07
PLAU	0.0969518362568807	0.235745503819444	-4.90195518958687	2.43157337623622	2.24404539207283e-06	6.08792925103861e-05
PLAUR	0.166360499963303	0.361936103236111	-4.85294739619952	2.17561322138338	2.63657808347279e-06	6.88693056170307e-05
PLEK2	0.259119871862385	0.638662210222222	-6.08933779743517	2.46473651608398	6.77129155204040e-09	9.30355268792445e-07
PLEKHA4	0.875705104770642	1.87629846018056	-6.00552410490003	2.14261450568109	1.22970380228003e-08	1.37259286349771e-06
PLEKHG4B	0.13308999640367	0.431073067972222	-2.55560335889157	3.2389591976902	0.0118926948575027	0.0400313544780969
PLK1	2.42032009288073	5.54853982275	-5.63310028962892	2.2924818246441	1.23960983263072e-07	7.14073156875843e-06
PLP2	7.50611255429358	18.6650717357361	-5.05733147597165	2.48664959401115	1.53831749375314e-06	4.50124491873597e-05
PLVAP	3.75413175063303	10.943405603875	-3.8629158166419	2.91502971413555	0.000185957979615129	0.00166544992780499
PLXDC1	2.95896690544954	6.69874702904167	-3.99467840535037	2.26388034847722	0.000119715535724271	0.00120478833071163
POLQ	0.220804405513761	0.50660820875	-5.66865359722417	2.29437545673619	7.63810871589755e-08	4.95212546168579e-06
PON1	0.797723396238532	0.357007241319444	5.34506712990093	0.447532619706059	5.21755793113622e-07	2.0244137409631e-05
POSTN	0.218747851284404	0.645546710861111	-4.41134963417523	2.95109966598852	2.4089518285689e-05	0.000354927537808631
POU4F1	0.238068107183486	1.58327507181944	-3.27134683303748	6.65051312647757	0.00134782521891954	0.00763027539147377
PPIC	3.17415484365138	6.98476417694444	-5.89454286723892	2.20051148132066	4.13992734094562e-08	3.17941504148672e-06
PPP4R4	3.4735800942844	1.733722911625	4.3115144411721	0.499117010279323	2.98811987244125e-05	0.000420458757445326
PRC1	0.137479231825688	0.348852786305556	-7.06230942454056	2.5374944395083	8.83838684062741e-11	5.73742245021025e-08
PRDM13	0.029430372146789	0.108167881736111	-4.27446780508591	3.67538273714669	3.62443869303395e-05	0.000487159025865077
PRF1	0.015318479440367	0.0418606228888889	-4.60590395375212	2.73268786577985	8.58627158329343e-06	0.00016340019765514
PRKCDBP	1.58686777924771	3.57657448036111	-3.66300122192588	2.25385789990435	0.000371900927597464	0.00282544757607315
PRKCG	5.62557508831193	2.52923104215278	2.8035423646605	0.449595108490806	0.00573181377655068	0.0233143420890238
PRLHR	6.01249694699083	1.58481838220833	6.81572626704416	0.26358739075976	4.47077363562402e-10	1.47081116532181e-07
PRRX2	0.0647295264587156	0.31366678125	-3.41362062165696	4.8458068274307	0.000836999252309225	0.00533069981657841
PRSS23	5.10038713970642	11.6109406160278	-4.50122579165687	2.27648221556297	1.58984162302896e-05	0.000258729379079188
PTGER1	0.0950188769816514	0.211292546388889	-2.7089996502419	2.22369020873285	0.00747446870040388	0.028423738969837
PTGIR	0.163519714247706	0.374512332180556	-4.04987192546548	2.29031914533087	7.72102855492326e-05	0.000865812331939476
PTPRT	0.0312949286605505	0.0151020846805556	5.00233682994114	0.48257290644004	1.72014835601644e-06	4.90487126269728e-05
PTRF	12.1174771222844	26.0162484504583	-4.67738967980144	2.14700206882286	7.82941692347374e-06	0.000152999156804703
PTTG1	0.299621796522936	0.721455377986111	-4.7382468517508	2.40788683052598	4.67169059777348e-06	0.000104975283470738
PTX3	2.02185005129358	10.031480132625	-6.07659372762829	4.96153516736163	1.49122645121421e-08	1.56507341379829e-06
PXDNL	0.184272085651376	0.581502163125	-6.02583054437879	3.15567146846724	1.24517752779218e-08	1.37259286349771e-06
PYGL	0.307924890541284	0.661926094722222	-4.31800999172278	2.14963491115856	3.10166846148262e-05	0.00043317086154905
RAB34	0.0237475042752294	0.0587261298888889	-4.23563015569528	2.47293901743373	3.915392870864e-05	0.000518316396130161
RAB38	0.254985592577982	0.557927412597222	-5.24472541317687	2.1880742631629	4.41195652324269e-07	1.78146121877469e-05
RACGAP1	0.0244553386055046	0.0609574375972222	-5.93689113040822	2.49260247754253	1.55289026417213e-08	1.60102986236147e-06
RAD51AP1	0.0793542032844037	0.174114438041667	-5.48234182574872	2.19414260159156	1.44970439450267e-07	7.99024179951202e-06
RAD54L	0.0609312613486239	0.240828913152778	-4.7921509150093	3.95246886117871	3.81538373608327e-06	9.00622924405427e-05
RAET1K	0.0251037398990826	0.057391714	-4.32598883463	2.28618182911055	2.68099073529742e-05	0.000384846229464029
RARRES1	0.358649381834862	0.874501278638889	-4.39323611106533	2.43831809820753	1.93978987168123e-05	0.000299241111530849
RARRES2	6.72238702246789	17.1226471709028	-3.34487628765877	2.5471082092826	0.00105637949011723	0.00632564513948915
RASEF	0.125394744880734	0.366584786055556	-3.25781201320351	2.92344616518199	0.0014023426683178	0.00787027215741467
RASGRF1	0.379320562082569	0.156034439680556	5.59460789230779	0.411352442440467	1.16971996558074e-07	6.87975900561533e-06
RASL10A	26.3344429334862	11.7896723151667	6.33632328667801	0.447690211064811	3.75384634920842e-09	6.38465087597649e-07
RBP1	4.22034343490826	12.2088793921528	-4.03122337744762	2.89286395300627	0.000100301126869166	0.00105394355553709
RCAN1	2.33893548133027	6.12866479566667	-4.68645873637468	2.62027954365846	8.12710608997035e-06	0.000157231618426101
RDH10	4.38355254968807	14.5746130843056	-4.70117186263673	3.32484050757933	8.09743501456278e-06	0.000157169151163058
RDH5	0.023347012412844	0.0679430009305556	-3.53283657954797	2.91013684017136	0.000554245682957387	0.00382752722032865
RGS16	3.23039366243119	9.20133800011111	-4.95087728076939	2.84836430529219	2.40096677623267e-06	6.40122247366179e-05
RNASE2	1.56476076508257	3.30458829061111	-3.45807709014296	2.1118808474449	0.000705785549329195	0.00464350725341321
RND3	0.161503790926605	0.351686621833333	-3.69321977566277	2.17757502666396	0.000311328861553072	0.00246907735585552
ROR1	0.272165723091743	0.566521686125	-4.94431879568494	2.08153208893992	2.14787329229182e-06	5.90985481852414e-05
RPL13AP20	0.0631862641559633	0.145273920791667	-2.51065150923425	2.299137680194	0.0131060774191303	0.0432111021303793
RRM2	0.0089697697706422	0.0226524522083333	-4.66839705684266	2.52542180987456	6.74032442940431e-06	0.000137529297175983
RSPH4A	0.0594669809449541	0.125974595388889	-4.4026513235591	2.11839567751889	1.88983974807785e-05	0.00029390613366957
RTKN2	0.505002137651376	1.15870824673611	-3.33438534931489	2.29446206331906	0.00112490173607789	0.00663173653825671
S100A11	41.3253855673119	89.9433494809722	-5.46656269943285	2.17646727904014	2.04918433552767e-07	1.02034243888618e-05
S100A4	0.948816159348624	2.09739707231944	-5.07374233877767	2.2105410533473	9.81487278029224e-07	3.27044249468027e-05
S100A8	6.48829383227523	14.3938644196667	-3.20088238829912	2.21843596972537	0.00163940565419755	0.00888767797745763
S100A9	11.6515422207064	25.0835792234722	-3.60831587116723	2.15281194097166	0.00041233302736568	0.00306261627636119
SAA2	0.265735922779816	1.08822946893056	-4.52770244526419	4.0951537810424	1.21283946434337e-05	0.000210678268498972
SARDH	0.00676661337614679	0.017781339125	-2.51360918534062	2.62780480227843	0.0131933336079764	0.0434579135777115
SCN3B	0.357979040302752	0.174815546111111	4.10973373379548	0.488340171992374	6.706901898147e-05	0.000780556902847426
SCN8A	0.032987954440367	0.0128364836388889	2.51293224464818	0.389126390425138	0.0128676184332318	0.0425610017511329
SCN9A	0.295682371293578	0.789207468680556	-3.18635182504616	2.66910558525305	0.00175792818302834	0.00934073203757175
SCNN1B	0.20246088112844	0.555352492291667	-3.1113221972651	2.74301133728324	0.00224017203040947	0.0112666474170774
SDC1	0.00698174691743119	0.0188378369861111	-4.42576164404828	2.69815523376808	1.93419008748783e-05	0.000298683256946248
SEC61G	8.52001926513761	31.3143870830833	-4.12570721161583	3.67538923429624	7.99248706524919e-05	0.000890555122648586
SEL1L3	2.63062434200917	6.43619254575	-4.44517871377425	2.44664068638332	1.83765119467985e-05	0.000289384658482963
SELL	4.95511382810092	1.87953001577778	4.54308693982256	0.37931116841732	1.07367189514744e-05	0.000192776786937695
SEMA3A	0.974775552651376	2.10431374152778	-3.07120553148048	2.15876745759993	0.00258552191250236	0.0125809113160547
SEMA3F	0.894652898733945	2.10714889483333	-4.20416856716903	2.35526973401107	5.06416942248467e-05	0.000627277013907342
SERPINA3	113.251507988	301.246442620528	-5.16891837301094	2.65997731926402	7.10353960900438e-07	2.57771715790931e-05
SERPINA5	3.64352019791743	1.65283668843056	-6.17062276818629	0.453637306409139	4.42424337292523e-09	7.04942850884187e-07
SERPINE1	6.25499850902752	27.4197640968056	-4.32297397672808	4.38365637613374	3.0417237174385e-05	0.000426839804608044
SERPING1	0.191454732100917	0.539647664861111	-5.27726439182418	2.81866976563765	3.94625353564268e-07	1.6468091837907e-05
SERPINH1	0.321142031238532	0.969742564472222	-6.49989763828137	3.01966877624914	1.74313157754331e-09	3.96777495579241e-07
SFRP2	74.262977441844	23.6046596579167	5.06138763293817	0.31785231983732	1.25688785546719e-06	3.87363952484723e-05
SFRP4	4.56524209162385	10.0666325759306	-4.19343280035994	2.20505996700601	5.01490185865346e-05	0.000623010454101195
SH3BGR	0.576359754522936	1.18310864577778	-3.36368545996567	2.05272598666619	0.00098189387593588	0.00600057669579086
SHANK2	0.196930284770642	0.0897396669861111	5.29701409378004	0.455692566994598	4.86284423190725e-07	1.93267734359724e-05
SHCBP1	0.90364855412844	2.41967835631944	-8.17868698245709	2.67767634360152	2.49180108543278e-13	4.35399525805965e-09
SHOX2	0.00327010134862385	0.0550902240972222	-6.0022570879392	16.8466411967341	3.65722719745872e-08	2.95920030537001e-06
SIX2	0.148258028229358	0.472777746805556	-3.44467958970221	3.18888462535169	0.000734494004064538	0.00478745868696138
SIX3	0.132562324504587	0.31446701375	-3.7891372918441	2.37222012306459	0.000212683271674211	0.00184174886493769
SIX6	0.425208075284404	0.856796322847222	-4.58010193882477	2.01500482387158	9.512525532745e-06	0.000175871344949812
SKA1	0.00956683601834862	0.0308563654166667	-5.24572268340656	3.2253469545716	5.64204397361028e-07	2.15390871590422e-05
SKA3	0.0907673677339449	0.27988051525	-5.17278405979728	3.08349269387627	6.88602471787918e-07	2.51965251002648e-05
SLC10A6	0.220643187678899	0.612419848291667	-3.03686679006102	2.77561185883028	0.00279509092333811	0.0133668645602584
SLC14A1	0.436282133724771	0.135446333916667	4.9637565619491	0.310455834531407	2.16819272447273e-06	5.94750584649189e-05
SLC14A2	0.105634354963303	0.0403207189861111	3.86782800698039	0.381700811257081	0.000158981080809624	0.00148611274845348
SLC18A3	0.196949772183486	0.688038010722222	-2.8915691683139	3.49346944195101	0.00444757577929873	0.0192475705392022
SLC25A48	9.8353809920367	4.28245479	6.10763705914825	0.435413208036102	1.32100373383615e-08	1.42921187919421e-06
SLC26A10	2.09627670408257	8.08339682416666	-2.58003512355573	3.85607339356678	0.0113905239942974	0.0387653813685533
SLC47A1	0.845190640587156	1.91500695908333	-4.45742806307995	2.2657692443837	1.79037628346916e-05	0.00028346815826887
SLC6A14	0.0139019400917431	0.0370733043055556	-2.85337057793508	2.66677198009037	0.00500080000988545	0.0211006417912499
SLC6A17	7.72006647766055	3.79666267986111	3.02390747196759	0.49179144905649	0.00290837244079959	0.0138106322866146
SLFN13	0.282395165458716	0.582162404013889	-3.64349392987811	2.06151689271393	0.000402147405948764	0.00300061199832439
SMC4	0.036732495	0.108151813652778	-5.24018888231862	2.94430894641864	5.24911815154595e-07	2.02646021678735e-05
SNAI2	1.42084153889908	3.23742659118056	-5.24600811669378	2.27852755043256	5.76464657538124e-07	2.17752070100662e-05
SOCS2	0.131586286082569	0.461647169055556	-3.6212012045029	3.50832281082755	0.000424592394567859	0.00312681970571045
SOCS2-AS1	0.396146632174312	1.29477726473611	-3.30350195290933	3.26842931272576	0.00116892804529824	0.00682036989580657
SOCS3	5.58834968631193	19.2289674619167	-5.57710154967735	3.44090268885929	1.33118826985812e-07	7.52636671154946e-06
SOD2	32.4059653864495	77.4910990309167	-3.90528704285747	2.39126031601945	0.000155951675683905	0.00146169252391006
SP9	0.190826827944954	1.31336763695833	-2.47239337449411	6.88251044731083	0.0145244549369618	0.0467186863057678
SPAG17	0.10703551633945	0.233455080236111	-3.67303887017078	2.18109921099215	0.000325091853148997	0.0025516725974664
SPAG5	2.75262152693578	5.73775777323611	-5.65695065327694	2.08447028299724	1.11849400278666e-07	6.62292040096006e-06
SPC24	1.01361509276147	2.57981874605556	-5.24970019822714	2.54516607386652	4.96316672432118e-07	1.95481849836354e-05
SPINK8	0.587063151807339	1.50689897144444	-3.44835188653694	2.56684305053943	0.000724053319925823	0.00473348845145092
SPOCD1	0.0251327076422018	0.109644758888889	-5.42874072937537	4.3626321703905	2.48945937823651e-07	1.17292350866536e-05
SPON2	0.0603073136422018	0.208290395555556	-3.80239010661984	3.45381651040411	0.00020931800408237	0.00181709591755904
SPP1	10.8658691071376	29.7926418373194	-3.02563710081021	2.74185539541877	0.00303195066414949	0.0142583845695058
SPRY1	0.219910283642202	0.617904714347222	-4.68450945489985	2.80980363497946	7.09054195244458e-06	0.000142518266973046
SPRY4	0.0437384193944954	0.123719871333333	-3.38544223818958	2.82863151083379	0.000920332761918184	0.00571806888271535
SRG7	0.0460175856055046	0.0960557976388889	-4.75729796451812	2.08737152058231	4.45249744669908e-06	0.00010095591558641
SRPX2	1.26350157277982	4.13821497661111	-5.70454752801191	3.27519574629944	7.20772704779857e-08	4.80341566413557e-06
SSTR2	8.96094357411927	4.28053041290278	5.25966496568408	0.477687464215898	5.00361089320705e-07	1.96632933016233e-05
STAC	0.230128630211009	1.57562969023611	-5.470785316257	6.84673475347847	2.70197488049953e-07	1.24918002710355e-05
STC1	0.532862183357798	2.34549404494444	-5.92884903737699	4.40168981436149	2.32357332554148e-08	2.03626348383828e-06
STEAP3	0.0599892184587156	0.230214660944444	-5.36859808140434	3.83760060322969	2.91054979934009e-07	1.3113934789983e-05
STK32B	1.79605522590826	3.63666982284722	-4.0855868672278	2.02480957733812	7.90877629360539e-05	0.000882911605719884
STK40	0.0502639076788991	0.112967136125	-3.99236331439424	2.24748017696252	0.000103089459661935	0.00107040815135944
STRA6	0.0255619508899083	0.0556102027638889	-3.53219786144109	2.17550698706035	0.000539880805626222	0.00375983087487019
SUSD2	1.04532226193578	2.61479129813889	-4.91545349647822	2.50142122994366	2.67254445383738e-06	6.93950913220857e-05
SV2B	0.570400628256881	0.200511255722222	2.9051554297105	0.351527059735148	0.00415823351101794	0.0182112340698679
SYNPO	2.47780018647706	7.37146681075	-4.83281267693973	2.97500454273141	3.74993110469658e-06	8.89378111935278e-05
TACSTD2	0.16229342733945	0.373390901944444	-3.52365609174232	2.30071487222627	0.000551718752705318	0.0038203605572251
TAGLN	2.23786962819266	6.78013335336111	-4.36209890214489	3.02972669540042	2.93090801254201e-05	0.00041494365699373
TAGLN2	1.35369663950459	3.78702892527778	-6.92355421423258	2.79754622620894	2.31036135989884e-10	1.11964718248399e-07
TBC1D3P1-DHX40P1	0.0249587871100917	0.0559236424861111	-3.06809014699791	2.24063942848806	0.00255080854838614	0.0124600051569839
TBX21	0.154890878045872	0.3371988775	-3.64802783467334	2.17700927100521	0.000355783500726193	0.00273021778337478
TDO2	0.419448188055046	1.00509077055556	-5.12542912722024	2.39622151001795	7.86018112398371e-07	2.78313928404166e-05
TEAD3	1.01907589949541	2.238333819	-3.13708305955022	2.19643484858026	0.00223183348313998	0.0112373873769016
TEAD4	0.0297906137614679	0.0630381370694444	-3.81096504088631	2.11604022576332	0.00020001175080556	0.00176074821931616
TFAP2B	0.0555745058073394	0.281337710805556	-3.7604859584699	5.06235200328854	0.000254604294857248	0.00212093606272005
TFPI	2.28299831690826	5.30417598109722	-5.24121773780513	2.32333766600423	5.2234808100885e-07	2.0244137409631e-05
TGFB1I1	0.11666954233945	0.261142407305556	-5.16150244473829	2.23830831997063	6.56416048129887e-07	2.42721604969885e-05
TGFB2	0.100696134348624	0.357012687486111	-4.89312965438267	3.54544580877439	2.71348656026304e-06	6.9733299380266e-05
TGFBI	14.7069584057248	31.4313395370417	-4.67126370785464	2.13717470804887	6.41264345607444e-06	0.00013279384888296
THBD	1.1099551793945	2.75565596644444	-3.86493551917299	2.48267319041451	0.000172235789301913	0.00157227952036179
THBS1	2.6230029823945	10.5563656984861	-3.93259348923795	4.02453438647995	0.000141668638871711	0.00136355092449449
THEGL	0.0199121728073394	0.0451932207638889	-4.26456300339924	2.26962779005368	3.51987472788356e-05	0.000477868662708096
TIMP1	28.7096846136605	142.778753904903	-6.85720323323441	4.97319130552086	2.70552126859112e-10	1.11964718248399e-07
TK1	1.53144251614679	4.53360408758333	-7.46818106005406	2.96034884743189	1.42827821520936e-11	2.27576657072495e-08
TM4SF1	7.58257459002752	18.0247292219167	-6.74152831477494	2.37712521095704	3.13245373442866e-10	1.18046059093016e-07
TMED7-TICAM2	0.00951522060550459	0.0195079649861111	-3.3199179836962	2.05018525527676	0.00113432197813083	0.00668053135440155
TMEM151B	16.2678717955505	8.02698954058333	4.93189621148786	0.493425915907381	2.30797257959028e-06	6.22335929268905e-05
TMEM71	0.121617989752294	0.262935810138889	-5.25594959804153	2.16198122230457	4.16230875374578e-07	1.70053113116322e-05
TNC	18.0524000357064	55.5447342225139	-5.02683679127398	3.07686147618323	1.70771574284816e-06	4.8827298246166e-05
TNFAIP6	1.02227613410092	3.00718125155556	-6.96789096289301	2.94165260367772	8.58168359840283e-11	5.73742245021025e-08
TNFRSF11B	0.738368358256881	2.08702033393056	-6.04808454098721	2.82653002473932	1.14565945828955e-08	1.29548215002844e-06
TNFRSF12A	5.90488305402752	21.1527624302778	-6.68960873019448	3.58224917186974	5.5488674808834e-10	1.7366964345972e-07
TOM1L1	0.723811566449541	1.68088793306944	-2.82287955855809	2.3222728276015	0.00561752365375347	0.0229667219685881
TOP2A	4.87484069363303	16.8029223960278	-5.40542454538797	3.44686594948095	2.83717819186452e-07	1.28861815012225e-05
TPM4	2.48934486815596	5.16538655293056	-5.39359897980379	2.07499837367127	3.3354461807408e-07	1.44346580765047e-05
TPSAB1	0.116004210366972	0.272623517361111	-3.6813950640629	2.35011743538172	0.000320677624696218	0.00252607493395533
TPSB2	0.0782208397247706	0.156994567958333	-2.72958252911928	2.00706830188397	0.00712625272130124	0.0273847470831499
TPX2	3.47621809677064	9.83019149779167	-6.84024082205594	2.82784083856067	2.61076433871735e-10	1.11964718248399e-07
TREM1	0.0981563217155963	0.258445797805556	-3.92259349476587	2.63300206536254	0.000132858914835251	0.00129872738444922
TREML3P	0.0519524622477064	0.202257038319444	-3.25793273706917	3.89311746871773	0.00141141891932743	0.00791360825305562
TRH	2.15835477844954	6.37335708656944	-3.67160303992912	2.95287741858072	0.000351614997641962	0.00270890376425085
TRHDE	1.19880198868807	0.572454018125	2.84755712807219	0.477521745481481	0.00500423232343306	0.0211006417912499
TRIP13	1.00342350611009	2.08709002097222	-6.40071391013911	2.07996923359222	2.61758707474786e-09	5.0976054065673e-07
TROAP	0.630439184009174	2.19717588084722	-5.70268877295309	3.48515120344304	6.64404510559135e-08	4.47885302175767e-06
TRPC6	0.429226953146789	0.917510130930556	-3.62938730634914	2.13758740965361	0.000408632373140612	0.00304381623630918
TRPM8	0.195894254422018	1.32224813923611	-7.16457324545906	6.74980561904368	3.38281263507128e-11	3.29391983638302e-08
TTK	0.0402734469908257	0.129380897652778	-6.26486451794665	3.21256081413272	2.97344186198142e-09	5.47176055273611e-07
TUBA1C	5.24074187125688	14.1756608871389	-5.73581143419333	2.70489584020271	6.41096924145503e-08	4.37873844302642e-06
TUBB6	5.79021622690826	14.4038187660556	-5.80014397387493	2.48761327756954	5.38925212522186e-08	3.87120581962145e-06
TWIST1	0.483664843073395	1.65977787083333	-6.2308747411865	3.43166945996418	7.15094975375537e-09	9.49505275258109e-07
TXLNB	0.760072296862385	1.82492746661111	-4.5081241048944	2.40099195056115	1.36861796550425e-05	0.000233117269984382
TYMS	4.79229842561468	12.1734634381111	-6.5292263835737	2.54021397604213	1.10429068962432e-09	2.8463092525067e-07
UACA	0.0539796686513761	0.108918508472222	-3.77615902194318	2.01776911925237	0.000238642213339573	0.00201477941869109
UBE2C	0.076176740880734	0.304940170097222	-6.21007670279508	4.00306138818214	3.9499829148642e-09	6.4103102360023e-07
UBE2T	4.49154295985321	10.1635760214444	-5.65650647571562	2.26282507198297	1.07463293294053e-07	6.49485910884437e-06
UCN2	0.0947411426055046	0.257286300402778	-3.75528471571317	2.7156765617035	0.000242347977700848	0.00203625743296393
ULBP1	0.237970990302752	0.576182438361111	-5.81783952251573	2.42122973740656	2.97490539486569e-08	2.47114534861663e-06
ULBP3	0.205481703862385	0.612290363930556	-5.06979531267688	2.97978044965316	1.00319172070963e-06	3.31678544277093e-05
USH1C	1.91654244276147	0.877501272861111	4.82062036616203	0.45785642586488	3.91189660039696e-06	9.15124130064276e-05
UTS2	0.108007443311927	0.222483490777778	-4.53624559496984	2.05989035529008	1.09747117219479e-05	0.000196079278644832
VASN	1.33962690009174	3.640644516625	-4.94982781086054	2.71765557736686	2.07611182442151e-06	5.73186518638706e-05
VAV3	0.203819898220183	0.490189720527778	-4.81851972941168	2.40501405803978	3.6631625372908e-06	8.7352720804212e-05
VGLL3	0.0975495201009174	0.312632561055556	-3.1966784452957	3.20486006217283	0.00184909609181479	0.00971204890657414
VIM	362.734802922202	784.876856578611	-5.34785754124805	2.16377598801003	3.29902553383459e-07	1.43123813196829e-05
VIPR1	0.037275002706422	0.0182344219583333	2.77681784333958	0.489186334926591	0.00616047408379411	0.0245899861686767
WDR62	0.0208729414036697	0.0478663456388889	-5.03034700275874	2.29322474073891	1.25975610724192e-06	3.87363952484723e-05
WEE1	0.165467181119266	0.357025050027778	-4.7487381461235	2.15767892830929	4.8988055409136e-06	0.000108823022453223
WISP1	0.0146106393394495	0.0571167792777778	-5.06142780419194	3.90925940684603	1.21405054195764e-06	3.77332050187015e-05
XRCC6BP1	1.806521773	4.39597669376389	-4.0964479671589	2.43339258871135	7.15811894593218e-05	0.000818397591424353
ZAR1	0.0313696599724771	0.0872011546805556	-3.36657029512408	2.77979279205014	0.000982869655307747	0.00600444630483753
ZNF367	1.52505581783486	3.67930299930556	-7.12162872342601	2.41256939993783	8.23274512080041e-11	5.73742245021025e-08
ZNF474	0.343375192165138	0.711097281916667	-3.04272894565283	2.07090464932214	0.00277172204769768	0.0132877386022968
ZWINT	0.215232994284404	0.501440388583333	-4.65432682502983	2.32975613358211	6.65711977323123e-06	0.000136467062298741
